300 5000
0 1 1
1 2 5
2 3 7
3 4 4
4 5 9
5 6 5
6 7 2
7 8 9
8 9 10
9 10 4
10 11 1
11 12 7
12 13 2
13 14 1
14 15 8
15 16 2
16 17 10
17 18 2
18 19 5
19 20 4
20 21 3
21 22 7
22 23 10
23 24 3
24 25 8
25 26 6
26 27 4
27 28 8
28 29 3
29 30 7
30 31 9
31 32 9
32 33 9
33 34 7
34 35 8
35 36 3
36 37 8
37 38 1
38 39 3
39 40 7
40 41 3
41 42 10
42 43 10
43 44 4
44 45 8
45 46 9
46 47 7
47 48 1
48 49 8
49 50 1
50 51 3
51 52 5
52 53 7
53 54 6
54 55 1
55 56 8
56 57 10
57 58 8
58 59 3
59 60 8
60 61 4
61 62 3
62 63 4
63 64 4
64 65 4
65 66 3
66 67 8
67 68 5
68 69 3
69 70 9
70 71 7
71 72 7
72 73 10
73 74 2
74 75 2
75 76 3
76 77 8
77 78 7
78 79 5
79 80 6
80 81 1
81 82 3
82 83 8
83 84 2
84 85 1
85 86 10
86 87 7
87 88 10
88 89 3
89 90 4
90 91 9
91 92 8
92 93 10
93 94 4
94 95 1
95 96 5
96 97 2
97 98 8
98 99 1
99 100 10
100 101 8
101 102 10
102 103 5
103 104 1
104 105 9
105 106 2
106 107 1
107 108 3
108 109 4
109 110 6
110 111 6
111 112 3
112 113 2
113 114 5
114 115 6
115 116 2
116 117 6
117 118 6
118 119 1
119 120 8
120 121 9
121 122 3
122 123 7
123 124 9
124 125 2
125 126 7
126 127 5
127 128 5
128 129 8
129 130 6
130 131 5
131 132 8
132 133 5
133 134 1
134 135 2
135 136 7
136 137 4
137 138 9
138 139 9
139 140 10
140 141 2
141 142 6
142 143 4
143 144 5
144 145 10
145 146 3
146 147 3
147 148 5
148 149 4
149 150 3
150 151 4
151 152 5
152 153 10
153 154 10
154 155 7
155 156 3
156 157 8
157 158 9
158 159 8
159 160 4
160 161 2
161 162 6
162 163 1
163 164 4
164 165 6
165 166 10
166 167 9
167 168 7
168 169 2
169 170 9
170 171 4
171 172 1
172 173 5
173 174 3
174 175 4
175 176 6
176 177 3
177 178 10
178 179 9
179 180 5
180 181 8
181 182 4
182 183 9
183 184 3
184 185 2
185 186 7
186 187 6
187 188 5
188 189 7
189 190 7
190 191 2
191 192 5
192 193 6
193 194 10
194 195 10
195 196 9
196 197 8
197 198 2
198 199 3
199 200 3
200 201 7
201 202 5
202 203 6
203 204 9
204 205 1
205 206 9
206 207 6
207 208 8
208 209 10
209 210 4
210 211 2
211 212 7
212 213 8
213 214 2
214 215 4
215 216 9
216 217 2
217 218 1
218 219 5
219 220 4
220 221 5
221 222 3
222 223 8
223 224 2
224 225 4
225 226 8
226 227 2
227 228 9
228 229 9
229 230 10
230 231 6
231 232 7
232 233 6
233 234 1
234 235 9
235 236 5
236 237 9
237 238 5
238 239 2
239 240 10
240 241 8
241 242 5
242 243 8
243 244 5
244 245 4
245 246 9
246 247 5
247 248 5
248 249 1
249 250 10
250 251 10
251 252 5
252 253 2
253 254 2
254 255 6
255 256 5
256 257 5
257 258 7
258 259 4
259 260 7
260 261 9
261 262 3
262 263 2
263 264 6
264 265 5
265 266 10
266 267 2
267 268 5
268 269 4
269 270 1
270 271 6
271 272 8
272 273 5
273 274 3
274 275 2
275 276 8
276 277 2
277 278 7
278 279 4
279 280 2
280 281 8
281 282 8
282 283 7
283 284 5
284 285 1
285 286 10
286 287 9
287 288 5
288 289 1
289 290 2
290 291 7
291 292 7
292 293 10
293 294 2
294 295 10
295 296 6
296 297 10
297 298 2
298 299 10
128 215 3
191 160 8
157 171 1
39 49 4
212 266 10
124 6 2
138 78 10
40 44 4
253 290 3
279 63 6
290 65 4
145 17 8
36 88 9
60 69 2
165 267 8
119 91 4
136 267 6
9 59 1
86 203 5
236 234 10
40 244 1
283 47 8
110 289 10
122 19 9
254 203 10
9 84 5
209 52 3
212 291 8
238 205 1
274 269 5
53 9 8
42 204 3
63 66 7
33 195 2
175 241 3
189 298 3
209 37 7
279 110 10
269 48 1
53 131 9
296 170 6
147 172 9
159 44 1
181 129 4
261 294 3
53 105 8
38 43 3
162 22 9
144 257 8
268 47 3
200 205 5
164 52 2
236 107 2
74 265 7
174 252 1
224 199 1
29 109 8
264 138 8
240 34 6
105 2 3
101 145 10
212 267 6
143 203 9
46 277 2
130 197 8
80 12 10
38 265 3
253 247 7
285 198 7
26 155 10
216 131 9
133 153 8
182 48 5
210 102 6
286 28 2
127 196 8
166 267 5
211 262 3
43 225 1
274 199 6
41 231 5
89 132 4
252 298 2
212 145 2
53 117 4
214 244 9
297 31 2
286 199 10
80 75 9
115 282 7
60 125 7
135 127 8
15 91 7
264 177 2
144 31 7
165 37 7
200 51 5
269 219 4
98 86 1
90 274 10
214 218 4
121 263 9
1 21 8
64 85 4
256 241 7
142 24 6
205 285 9
143 294 8
80 196 2
20 286 5
194 157 5
13 270 6
119 88 7
177 44 9
114 248 2
240 199 5
93 6 2
127 137 8
190 57 7
115 62 1
175 292 4
153 5 1
80 186 1
235 133 5
21 299 4
160 9 9
240 94 3
171 281 10
219 223 7
33 101 1
249 226 1
55 152 9
295 83 4
249 10 6
236 113 9
274 127 10
282 235 7
127 206 9
138 127 6
270 178 8
29 87 10
192 142 3
8 147 6
48 211 7
91 275 2
273 110 5
192 156 4
217 28 2
19 166 1
274 104 8
41 115 3
253 268 6
69 276 5
102 176 8
14 229 10
47 235 10
104 121 8
285 152 8
223 167 4
143 107 5
24 291 8
65 286 8
236 83 7
136 237 9
264 268 9
79 67 2
212 37 9
85 109 2
271 186 1
266 205 9
214 128 4
110 193 2
233 257 5
87 127 8
270 105 8
240 236 10
137 24 3
35 218 2
276 59 8
97 155 6
111 230 6
80 68 9
37 195 6
77 225 5
106 203 1
76 143 3
223 32 8
237 245 10
231 164 5
152 287 8
109 124 6
202 256 4
262 203 4
279 122 5
278 280 2
166 204 1
226 127 9
97 247 8
150 16 10
14 168 3
214 116 1
59 178 7
209 141 2
84 76 8
54 98 7
269 264 1
99 229 7
251 26 6
148 119 8
56 63 8
82 99 10
73 231 3
121 278 2
87 54 10
188 108 1
74 87 7
299 186 6
203 59 7
156 289 2
125 203 1
14 70 7
120 245 8
64 130 2
107 279 4
106 110 2
154 12 1
11 235 3
78 280 6
228 124 1
289 247 9
214 124 3
178 296 2
5 16 8
102 209 2
253 103 2
36 118 6
62 119 6
98 259 2
23 48 1
41 189 10
243 25 2
229 153 4
288 158 8
230 260 7
169 265 3
298 71 5
109 239 10
42 159 5
298 84 5
282 96 3
287 91 6
7 1 2
158 207 6
132 111 3
294 58 2
84 56 10
204 192 3
115 262 3
206 288 5
242 270 1
10 174 5
212 67 8
261 157 7
152 223 5
160 120 1
28 264 6
71 117 2
265 298 10
163 44 7
260 95 7
40 105 3
94 69 2
269 166 8
16 205 9
226 65 3
26 145 10
39 22 5
160 18 9
144 233 2
8 273 9
58 290 6
59 84 10
114 224 10
279 156 1
258 18 3
240 44 10
117 196 3
123 212 7
74 68 10
21 172 8
15 121 2
134 186 6
105 72 2
115 160 2
227 130 4
271 122 3
185 130 1
25 7 5
235 81 10
130 8 4
141 255 1
74 18 9
234 123 6
287 8 10
295 122 6
66 103 6
244 30 2
74 141 6
71 154 5
248 33 4
101 108 1
282 23 9
54 9 7
287 270 7
240 273 5
185 150 7
173 102 7
256 67 5
35 190 1
58 190 10
53 257 7
39 239 10
222 242 7
18 229 1
230 30 7
213 103 5
207 178 5
251 223 6
77 112 4
106 246 8
111 55 2
117 41 5
198 233 7
288 297 7
39 279 5
143 192 4
203 285 1
101 45 10
133 174 2
180 280 3
222 252 6
33 179 9
135 172 8
260 184 9
126 223 7
38 118 5
151 85 9
53 41 6
86 22 4
174 294 7
87 53 4
92 297 6
55 211 3
72 211 6
128 247 1
112 204 10
198 208 1
81 70 1
247 52 10
103 180 2
295 120 4
266 220 7
126 221 2
94 151 9
157 225 4
169 244 10
287 54 2
121 136 3
272 113 3
110 221 2
215 255 10
41 81 7
256 261 3
134 35 8
13 256 4
205 253 7
248 7 1
222 217 8
295 56 8
84 218 1
34 49 6
244 264 1
246 98 6
184 28 5
253 177 6
171 123 3
211 208 10
184 87 4
11 223 1
217 228 7
271 194 8
204 50 8
92 61 9
54 297 7
8 2 4
281 60 3
103 270 10
15 281 5
281 59 5
223 160 3
266 292 4
64 112 5
244 6 8
100 298 10
19 78 6
61 106 8
162 3 6
7 70 1
42 211 6
290 134 8
119 257 2
30 21 5
120 231 7
19 83 4
276 94 8
26 215 4
149 53 7
202 297 2
276 203 5
122 3 6
203 74 9
63 44 8
245 216 7
185 235 8
262 16 10
287 290 1
154 109 1
183 11 10
194 213 7
184 157 8
11 145 7
1 208 9
278 205 8
78 158 9
43 253 3
154 240 3
89 105 4
189 288 5
256 234 5
108 250 10
43 296 5
185 295 1
70 134 8
25 36 7
289 116 6
224 22 10
70 67 1
84 292 3
86 248 1
134 108 4
218 126 8
24 7 5
81 119 3
56 52 6
260 76 4
285 148 8
83 218 2
281 82 4
130 85 7
99 245 5
116 130 7
11 251 2
113 241 3
194 210 5
159 75 7
7 90 7
142 286 2
51 42 7
151 88 8
34 252 6
44 84 4
42 95 9
218 151 4
178 151 4
34 147 8
146 140 10
20 34 4
47 137 10
293 179 1
267 283 9
4 79 5
39 282 3
137 64 8
254 62 7
244 276 10
187 170 2
160 98 4
158 108 8
119 63 5
49 96 6
265 152 7
206 61 7
248 172 9
243 287 1
89 231 5
145 44 5
200 132 4
166 206 4
75 32 7
137 81 6
286 93 8
214 61 10
211 113 8
112 103 6
176 206 6
209 103 3
52 185 5
277 260 3
265 99 1
210 135 10
132 147 3
83 110 10
26 62 10
235 250 5
226 174 2
292 113 7
6 83 6
14 54 2
129 280 5
163 18 4
290 202 1
244 67 10
43 232 4
298 81 10
194 241 4
187 197 10
119 255 9
166 160 10
173 207 8
29 292 8
124 2 7
129 246 2
172 259 10
85 291 1
44 203 5
77 33 10
164 162 4
131 187 2
9 124 5
184 0 1
96 67 1
130 257 2
47 206 3
30 86 8
100 224 9
129 160 10
284 277 9
61 21 5
179 288 3
243 185 4
77 281 7
45 97 3
208 7 3
134 271 8
226 125 4
104 242 4
239 169 6
287 266 9
188 144 2
148 109 3
151 171 10
212 32 2
232 285 9
26 97 10
107 171 9
128 218 1
198 91 4
239 187 7
259 247 9
210 101 4
224 143 5
148 107 6
169 125 7
65 201 8
80 15 10
276 113 6
78 237 5
256 2 4
188 152 5
188 62 5
297 19 8
178 77 9
91 246 4
267 129 3
204 297 10
183 223 10
8 145 9
99 95 10
72 35 6
147 223 6
271 163 1
238 41 8
65 203 3
281 1 2
255 21 5
184 13 7
138 34 2
263 281 2
284 68 9
288 151 10
218 141 9
208 205 1
157 22 4
46 259 2
41 214 7
296 278 6
70 299 5
70 37 6
75 297 1
52 215 2
13 125 3
281 75 9
15 29 6
62 236 3
66 16 9
15 86 6
5 288 7
272 82 10
69 39 1
263 152 2
232 83 2
84 64 9
186 297 4
168 65 8
188 247 3
26 43 1
274 286 7
134 129 4
83 188 5
29 236 5
58 80 2
87 195 1
189 257 6
240 123 10
142 11 9
84 50 6
28 76 3
69 58 2
276 141 8
274 78 8
229 112 3
106 8 10
260 119 5
168 12 7
11 206 8
41 178 8
203 258 2
259 27 4
54 245 7
39 162 9
191 67 2
93 225 8
138 294 9
56 162 5
14 225 9
212 132 3
227 161 8
151 76 7
24 226 9
101 78 7
165 279 10
240 134 5
157 4 5
246 52 3
222 95 8
47 117 9
249 58 8
12 209 5
263 94 9
217 241 3
9 224 10
80 175 10
252 266 4
109 264 5
183 129 10
287 72 5
77 21 5
28 194 3
206 91 3
173 126 6
243 135 6
173 3 7
170 241 4
126 198 4
74 190 7
173 151 1
155 74 5
195 46 5
191 113 4
13 60 4
210 245 7
256 228 8
90 197 7
279 75 10
287 1 6
243 76 5
266 221 1
268 274 7
224 56 6
77 205 2
140 24 8
274 280 10
105 190 1
177 146 6
242 159 9
117 164 5
159 198 8
261 18 3
278 206 9
265 35 2
131 236 3
18 56 9
21 198 4
116 58 10
254 49 3
232 119 1
248 107 4
20 176 9
61 221 9
279 25 4
140 265 5
144 35 7
2 140 5
299 8 1
171 193 1
195 71 10
259 125 3
16 145 5
297 164 3
257 195 10
36 280 10
230 75 7
65 122 1
31 203 2
161 240 5
224 128 6
128 60 1
69 109 6
283 130 3
26 183 5
287 95 8
30 4 1
51 152 1
138 66 1
199 258 7
246 269 8
219 200 5
196 31 8
132 5 1
42 183 10
54 225 3
168 220 8
130 247 10
273 200 6
49 102 3
202 21 7
163 123 8
150 66 2
98 297 10
107 209 9
183 263 3
155 43 1
78 22 4
67 295 2
165 246 9
41 95 8
240 16 4
1 166 2
68 180 9
42 73 2
106 256 5
272 54 6
299 224 6
36 14 9
266 99 8
154 140 9
149 100 5
278 156 5
25 18 6
168 269 9
252 297 5
220 252 9
231 179 5
162 103 2
295 239 5
249 160 7
183 249 7
201 274 4
151 242 8
174 110 5
96 199 3
85 296 4
251 158 1
75 85 8
137 164 5
195 229 6
200 276 6
125 175 10
272 8 1
51 36 4
119 249 9
89 86 7
237 211 6
131 164 3
53 275 10
181 217 7
258 79 6
61 292 7
297 228 3
153 123 4
254 244 9
214 54 9
86 65 6
43 66 1
272 287 4
203 80 9
185 122 10
188 130 8
239 127 1
231 274 10
28 20 5
72 234 7
238 72 8
102 242 2
50 214 6
225 79 2
144 16 9
85 101 9
143 208 8
171 109 6
60 110 4
104 38 6
266 81 6
259 21 4
69 123 6
112 102 7
125 298 10
121 4 7
235 87 1
222 216 2
131 104 8
20 69 1
273 35 8
33 93 7
260 86 8
164 198 6
292 173 1
7 5 5
291 256 8
63 23 10
251 206 10
58 87 5
154 186 3
199 271 4
223 122 8
124 210 2
236 46 7
202 252 6
152 253 1
97 259 4
42 262 4
223 20 5
66 191 8
252 106 9
115 22 5
56 50 9
71 210 4
177 164 8
257 288 7
99 137 10
218 95 10
79 127 3
44 193 2
69 126 4
8 182 3
206 137 5
183 288 8
84 217 8
247 180 8
230 210 3
274 156 5
9 103 10
238 224 10
202 232 8
268 83 5
228 266 2
179 257 3
281 292 8
2 10 10
80 192 8
146 166 6
200 21 3
52 274 10
21 72 2
163 144 5
151 216 2
234 102 5
69 113 7
4 133 5
99 247 6
205 145 10
276 246 2
41 142 6
218 179 10
245 264 2
32 24 8
153 258 6
133 137 5
143 115 6
109 175 2
22 80 9
260 56 7
29 151 9
204 69 9
13 175 5
74 157 9
129 244 10
109 129 1
43 286 5
249 71 4
40 212 2
221 33 6
123 77 3
211 184 4
70 110 5
148 281 5
25 90 10
122 76 4
214 223 6
123 263 4
168 255 2
281 228 5
106 6 6
15 279 4
158 39 2
199 296 3
143 227 6
77 53 8
60 19 1
37 104 8
150 184 7
85 222 8
13 28 2
8 205 9
231 156 3
136 193 3
121 198 10
260 275 10
27 224 3
207 187 4
230 280 10
208 183 8
5 57 7
152 297 4
139 159 4
31 295 9
153 174 2
254 186 3
197 141 1
58 182 9
39 296 3
176 95 2
256 152 3
64 191 1
281 0 8
205 31 3
51 236 4
130 6 8
269 12 10
161 254 4
121 255 5
135 131 10
239 87 2
9 45 1
151 61 3
44 18 4
53 281 8
136 260 1
85 229 7
16 68 7
122 4 2
232 191 7
237 130 5
94 18 4
163 27 1
185 68 9
41 15 9
170 127 3
82 42 10
226 299 6
292 75 4
51 189 2
88 48 4
234 106 10
229 279 2
28 193 6
164 234 9
158 156 10
56 183 4
251 87 9
173 262 4
154 183 5
217 153 3
227 109 2
162 19 7
181 201 10
116 285 6
232 236 1
21 292 10
155 196 3
141 69 3
197 275 1
127 51 4
284 30 2
155 56 5
67 182 2
215 234 1
72 139 1
36 212 4
169 57 8
104 275 9
114 76 4
238 293 1
168 29 5
165 174 8
105 246 6
22 161 6
238 15 5
251 160 6
183 187 6
247 162 2
14 172 4
61 40 9
267 291 10
76 148 4
195 74 9
205 275 2
109 24 8
154 16 10
281 297 5
244 50 5
270 64 6
207 3 2
107 103 2
58 27 8
221 113 5
245 156 4
145 231 8
242 186 8
61 153 9
112 157 3
268 135 9
157 154 5
53 10 2
190 252 9
211 160 4
167 143 4
226 2 6
101 113 8
112 174 3
76 38 8
231 24 4
193 29 8
258 161 7
102 7 5
2 22 4
81 191 5
240 210 4
121 183 4
87 141 7
71 50 2
254 215 2
259 22 2
95 184 9
131 210 2
59 92 3
182 150 2
188 106 4
197 212 3
77 73 1
193 250 1
124 292 4
117 60 2
30 93 6
273 210 8
266 149 1
172 217 3
21 296 3
201 55 9
197 132 5
161 171 3
225 201 2
226 110 9
60 229 8
254 5 3
298 93 9
148 294 3
53 5 3
169 213 3
141 260 4
214 1 5
151 56 1
253 239 1
177 299 4
288 295 8
261 251 7
143 97 7
109 46 6
114 33 5
223 117 3
230 143 5
100 138 6
108 176 5
42 112 2
239 73 3
257 159 3
3 280 1
292 94 3
3 236 6
54 152 5
106 222 4
282 70 5
174 286 3
224 244 1
236 253 1
154 286 10
160 265 10
115 66 3
175 121 1
178 21 1
218 33 9
38 51 7
40 271 6
46 110 4
240 150 6
78 56 8
59 213 8
199 150 4
3 77 7
227 101 10
244 19 3
112 19 6
181 227 2
264 181 8
103 168 4
120 158 2
30 88 1
267 137 7
164 35 5
145 209 9
159 206 8
231 239 7
296 206 3
89 187 10
121 143 4
49 86 1
122 0 3
29 32 8
78 61 10
192 276 2
105 248 5
276 208 2
263 160 2
143 56 9
72 235 4
31 288 4
225 260 6
211 38 7
260 146 7
141 297 2
201 82 2
286 119 10
135 276 6
252 261 9
117 296 6
229 188 2
16 37 8
288 0 4
204 260 4
39 95 10
122 296 2
165 34 5
180 158 1
54 86 8
214 279 9
169 40 5
73 247 2
40 261 3
186 57 5
261 282 5
18 156 7
157 21 10
115 32 8
262 162 4
287 248 7
131 226 2
161 249 1
29 259 10
145 227 1
273 143 10
185 161 4
34 121 6
83 294 8
138 292 10
197 170 2
271 53 8
260 31 3
250 2 7
243 91 6
174 64 3
239 12 3
260 46 10
3 285 6
262 101 3
183 50 5
137 79 10
288 258 1
243 292 9
115 106 6
148 280 9
295 167 5
141 231 3
271 223 7
23 112 10
259 233 5
92 200 3
5 157 5
221 24 8
37 19 9
195 123 4
194 16 2
202 230 3
0 243 1
24 76 9
267 22 3
39 70 9
255 183 6
151 229 8
88 108 7
281 270 8
282 76 7
211 87 9
67 213 4
209 137 7
284 201 5
174 256 1
132 192 8
124 207 9
99 92 4
254 175 8
73 157 6
285 193 3
267 74 7
247 244 2
259 268 3
239 106 8
137 294 9
56 40 8
295 215 2
74 179 1
247 102 5
85 199 1
136 90 5
77 151 5
50 246 10
281 193 10
23 192 10
30 248 2
155 295 8
2 79 7
196 26 7
129 85 5
1 82 5
38 295 5
168 151 3
157 116 10
247 207 6
42 11 8
152 201 3
253 49 7
69 44 1
41 85 1
21 162 1
228 200 10
168 25 9
262 14 9
190 13 8
153 110 10
5 258 7
153 37 4
163 158 6
286 49 5
298 167 8
268 95 8
257 227 7
31 265 10
27 93 1
256 141 7
141 136 7
125 207 8
147 231 6
230 3 2
135 195 7
93 206 1
214 73 6
91 202 6
281 2 7
24 162 1
14 263 6
202 116 1
109 11 6
112 198 9
214 40 4
51 185 10
201 219 9
49 172 1
290 96 6
210 228 8
2 294 9
173 248 4
84 196 3
183 216 3
234 107 1
15 234 4
5 185 2
242 143 2
295 53 10
62 197 5
92 70 3
243 42 5
93 198 6
141 132 5
19 273 1
12 92 8
141 86 3
17 133 6
56 71 5
8 215 10
233 137 10
55 230 10
98 68 2
190 109 10
131 128 4
161 184 4
183 65 5
177 9 6
83 70 6
138 111 3
126 56 9
293 285 7
171 73 9
174 44 3
13 226 10
79 155 4
26 38 7
159 281 6
136 293 4
207 145 1
57 23 4
282 161 7
188 216 4
176 90 9
275 155 5
46 224 6
231 37 8
249 122 6
190 234 1
26 2 4
256 55 10
207 159 1
173 168 1
21 8 1
123 281 4
41 235 5
166 252 2
219 295 10
146 296 6
168 74 6
268 182 6
69 198 7
19 123 1
1 104 6
55 227 9
82 114 3
271 106 3
210 260 3
62 177 1
141 51 9
82 172 7
119 57 1
101 244 1
282 137 5
237 129 1
223 104 2
139 81 4
169 100 6
151 210 5
189 197 8
258 108 8
50 279 3
226 116 5
197 289 6
147 270 6
65 193 6
60 164 3
35 62 9
269 265 5
205 115 3
135 105 3
202 55 4
91 172 6
189 179 7
233 280 3
12 215 2
153 212 1
35 247 5
260 226 4
170 130 5
110 243 2
190 103 10
291 54 2
245 41 3
252 53 4
147 258 8
235 223 8
137 65 4
113 44 8
83 42 1
169 43 5
182 0 9
143 17 7
201 71 10
265 75 9
186 26 5
138 18 3
215 93 8
14 268 4
74 242 7
100 111 6
132 19 2
275 124 6
213 171 3
85 42 2
77 156 6
158 294 2
180 261 10
35 82 4
95 156 4
187 240 5
284 249 10
41 272 2
292 185 7
76 278 9
173 84 4
152 186 6
51 275 10
113 68 6
196 181 8
293 31 9
54 15 5
148 241 7
208 178 7
217 295 5
250 138 5
219 233 3
260 118 7
139 253 1
50 82 7
174 89 2
106 35 5
253 235 1
285 166 1
157 113 10
128 111 5
244 166 2
159 179 8
201 18 6
55 25 2
143 151 9
181 255 10
115 208 8
135 245 2
181 21 3
187 149 6
165 145 8
160 244 5
129 145 6
232 267 3
253 124 6
133 243 7
106 114 9
207 238 4
173 125 1
298 208 3
87 128 1
60 9 1
219 146 6
173 55 8
24 199 6
282 188 7
57 202 9
236 243 5
69 178 10
56 68 10
196 205 4
290 262 4
1 187 1
189 163 10
136 212 2
82 269 8
162 33 3
165 73 7
182 119 5
200 207 5
285 289 10
40 138 5
249 109 2
226 298 6
87 114 4
99 216 7
200 239 9
235 144 8
247 262 9
222 162 8
238 180 1
37 272 1
279 30 5
292 57 10
269 208 8
261 199 9
189 134 7
136 113 2
216 213 6
227 25 4
58 151 5
58 76 7
8 255 5
149 211 2
244 180 9
7 32 8
118 105 8
276 170 7
229 202 1
152 56 7
256 134 6
158 235 3
80 164 5
230 80 7
17 257 1
20 42 9
158 225 1
100 96 5
156 83 1
24 121 2
141 20 1
164 96 1
224 222 5
144 22 10
9 5 6
177 263 8
263 184 5
253 84 6
62 72 1
46 9 2
35 46 4
89 182 5
59 290 7
145 203 2
35 284 3
84 87 1
297 198 1
233 55 1
14 241 8
200 252 3
104 217 1
203 185 8
25 174 10
274 38 7
47 3 9
177 161 10
101 84 4
209 179 4
286 136 9
57 212 1
129 140 7
227 128 6
160 153 2
6 69 8
178 168 9
289 154 10
74 293 8
148 275 10
233 235 2
293 178 10
142 241 9
194 168 9
183 271 4
246 213 8
40 91 4
12 132 6
64 51 6
105 45 3
100 136 4
221 105 10
115 263 9
117 179 1
43 186 10
236 169 5
37 77 1
161 107 1
188 291 6
97 209 3
107 239 9
92 157 9
165 206 6
17 75 2
192 130 8
13 130 5
226 46 8
226 207 8
210 153 3
34 59 8
64 218 4
97 65 9
39 18 7
4 144 10
161 212 10
155 23 10
159 249 4
111 225 5
256 222 1
6 112 8
70 72 8
189 25 3
31 184 6
34 136 6
37 267 3
42 299 5
58 136 4
138 180 2
72 122 10
103 4 1
251 63 4
223 146 3
276 107 6
225 227 2
262 190 6
65 261 5
250 181 1
274 62 9
283 240 5
263 208 2
7 180 1
194 154 3
161 116 5
70 51 4
194 144 1
150 263 1
182 259 9
217 230 6
72 144 9
198 129 1
128 16 7
110 93 8
188 88 2
220 47 1
18 113 4
230 166 8
262 258 4
298 283 7
18 64 9
93 254 1
72 271 5
154 89 3
149 9 4
89 188 4
158 118 4
212 80 1
299 166 10
148 164 8
264 45 1
295 200 3
99 120 10
169 274 5
151 284 7
75 53 7
82 214 5
209 250 8
31 49 2
156 51 5
154 124 10
216 119 10
84 270 6
188 42 8
60 267 10
120 147 2
159 47 2
270 130 1
69 31 9
195 185 3
66 279 8
111 63 10
160 71 1
44 68 9
155 180 9
270 109 2
249 280 7
166 250 8
127 177 7
263 39 8
229 275 7
172 55 2
99 143 2
165 99 4
25 165 8
95 113 1
157 253 7
229 171 7
62 250 9
112 283 4
225 246 1
179 226 6
29 223 6
246 242 5
180 243 8
259 162 1
135 214 8
226 96 7
160 97 8
37 172 9
195 241 3
256 295 5
218 158 1
94 90 5
23 169 3
43 157 9
258 165 4
252 25 3
76 186 1
146 247 9
202 248 6
214 204 7
281 17 9
287 85 4
7 62 3
80 157 4
296 101 3
5 28 2
118 182 8
96 84 8
176 227 9
106 288 10
189 27 1
186 23 9
66 5 6
130 1 3
62 143 7
24 48 9
128 123 2
66 249 7
100 107 5
151 296 4
117 138 9
279 67 10
36 63 8
188 249 3
153 275 7
37 299 8
264 127 1
275 245 4
213 203 5
85 248 2
214 131 2
159 162 9
278 198 6
25 1 10
223 100 1
232 59 8
139 153 2
57 128 7
248 256 9
99 97 9
49 256 7
227 278 10
165 54 1
10 131 1
128 185 8
56 24 8
143 267 2
261 159 10
171 102 8
54 253 3
214 96 3
236 226 2
69 105 10
149 95 7
219 281 7
237 89 5
102 246 1
109 16 8
78 93 8
136 49 6
60 135 8
117 210 2
180 269 9
125 237 10
13 18 6
123 29 7
30 175 2
152 103 2
237 223 5
233 213 7
98 84 8
163 201 6
263 227 2
149 198 5
251 211 3
178 145 5
100 133 6
173 211 9
282 274 1
261 207 6
207 57 6
18 167 9
100 44 4
257 3 6
193 242 8
25 128 1
71 119 8
29 194 9
3 119 7
193 142 9
239 101 2
238 77 5
64 220 7
146 83 9
19 81 8
37 44 1
222 15 5
18 69 6
140 124 4
226 63 9
282 232 5
290 161 2
191 151 5
179 243 2
59 262 3
258 197 10
79 205 2
162 256 9
242 278 6
278 244 6
34 125 1
210 14 7
190 83 10
123 24 5
160 123 10
95 101 10
169 16 9
127 285 3
1 279 6
234 257 4
68 66 9
270 144 3
94 202 2
286 25 5
92 237 2
40 136 10
289 239 7
113 238 2
98 76 3
196 144 7
295 171 1
256 39 3
146 183 6
177 17 1
200 191 5
93 180 2
101 206 6
170 108 6
150 36 7
255 205 4
261 48 1
164 92 7
156 119 2
9 58 3
259 290 9
227 165 7
226 64 9
261 234 6
233 221 6
225 282 5
200 253 5
102 159 10
292 3 5
146 255 7
156 214 2
128 70 5
277 200 10
111 104 4
54 171 1
122 96 3
50 52 7
213 206 4
28 277 4
140 73 1
194 281 3
99 30 1
19 242 2
276 239 7
143 183 9
157 133 7
243 168 9
288 140 1
28 53 9
94 254 1
159 58 8
284 119 8
35 44 9
239 9 8
169 96 2
151 44 6
91 197 1
137 11 1
49 231 8
25 171 3
121 82 5
136 202 9
270 237 1
220 298 10
118 171 8
183 226 10
80 274 3
168 163 8
241 36 9
136 222 3
13 264 10
155 286 5
31 234 6
32 52 5
89 258 10
95 122 1
193 63 7
141 240 7
127 246 3
292 15 3
39 160 7
189 119 9
228 87 6
1 295 7
40 84 5
89 179 8
63 262 5
3 284 7
274 137 6
208 119 7
178 158 6
138 160 5
272 180 5
111 15 8
72 141 10
266 282 3
91 29 2
88 55 10
212 81 1
209 207 1
84 29 5
25 191 8
219 85 3
286 235 3
107 201 9
142 95 5
77 241 2
182 123 2
274 261 1
219 266 8
167 189 9
66 197 6
227 65 5
71 151 9
241 180 3
208 168 8
190 50 3
283 281 8
11 238 2
162 229 10
87 220 3
118 255 6
55 184 1
27 97 10
94 295 2
272 203 8
127 36 3
284 195 10
295 293 4
33 41 5
76 202 3
288 273 2
231 30 10
214 57 6
203 45 3
31 21 4
60 48 2
38 164 4
41 22 7
286 259 6
31 183 9
11 143 2
289 122 4
110 156 1
273 2 6
107 33 7
85 221 5
288 98 10
221 139 10
147 234 9
107 45 6
67 282 3
2 225 1
229 104 6
145 169 8
174 77 7
130 214 6
186 174 8
269 156 4
276 104 5
235 77 3
245 23 1
84 296 7
175 141 10
64 233 7
108 197 3
111 26 8
227 201 6
122 132 3
39 140 8
199 266 3
155 279 7
51 143 7
83 178 1
197 294 8
81 134 8
242 86 4
243 89 7
36 281 7
174 6 4
89 107 2
58 48 3
182 54 1
54 59 7
258 8 6
76 66 8
231 188 2
128 3 7
4 91 2
247 217 4
30 281 1
169 25 2
99 259 2
281 183 5
154 282 6
213 138 8
102 121 2
26 7 9
292 245 4
80 4 7
285 274 10
101 51 2
208 164 8
90 178 10
91 157 8
90 98 9
37 124 10
219 116 7
4 264 6
77 58 6
38 298 10
267 99 3
264 57 1
279 215 2
60 15 9
21 147 5
202 72 8
143 259 2
140 88 10
163 70 10
110 145 5
268 52 8
257 21 4
192 152 3
260 149 2
291 229 5
61 65 6
124 222 3
12 30 1
97 58 1
163 157 1
239 148 2
112 156 2
166 168 4
201 123 7
184 203 6
249 27 3
3 233 9
217 191 1
5 73 5
47 236 5
133 124 1
144 206 9
143 186 6
295 113 9
23 138 7
220 136 10
147 226 3
265 179 2
267 12 4
205 271 7
3 12 9
195 16 1
132 185 10
97 208 4
197 113 1
54 215 9
223 232 3
229 215 1
6 66 3
68 271 10
224 89 3
278 212 5
166 231 7
290 177 9
30 254 7
105 65 7
137 198 7
67 170 9
89 94 4
239 124 8
245 154 1
252 5 1
87 109 4
43 97 1
141 67 5
280 38 9
34 47 3
226 191 9
152 268 1
185 289 1
175 262 1
155 34 4
72 173 9
229 216 2
48 82 9
74 102 8
4 16 1
184 254 10
194 37 8
110 274 3
46 99 7
148 165 9
149 41 4
59 136 7
120 12 7
25 47 5
132 291 3
38 216 3
56 270 4
125 279 9
204 233 6
108 276 3
131 71 2
186 203 5
266 31 5
264 140 8
160 8 10
288 79 2
179 113 4
224 236 1
190 243 7
136 60 4
264 174 9
244 99 5
216 83 5
96 62 2
19 74 9
158 105 2
19 138 4
238 242 1
232 132 2
250 129 8
209 135 6
274 139 1
256 223 5
118 75 9
173 56 9
295 146 3
244 282 1
186 256 9
176 240 8
67 190 3
250 281 6
207 241 3
294 240 6
24 165 8
32 279 5
74 223 9
126 211 1
79 35 5
148 154 7
36 144 2
189 120 2
223 254 3
231 224 7
129 292 10
119 21 3
33 199 5
255 30 10
131 178 5
169 266 7
6 77 9
289 102 1
86 155 1
256 224 3
24 95 6
177 34 9
232 299 8
118 254 5
293 71 3
107 292 4
172 189 5
0 18 4
17 144 5
143 291 7
136 233 3
163 277 1
141 261 7
168 143 5
274 112 7
259 28 7
226 252 6
168 4 7
183 13 7
230 65 10
258 20 3
72 69 2
296 289 9
225 72 3
139 9 7
167 177 6
277 38 2
153 108 7
148 150 3
120 83 8
195 79 2
129 102 8
93 81 7
80 29 10
148 248 1
29 17 6
242 260 1
121 83 5
126 13 10
260 133 5
216 10 10
131 129 5
274 145 10
162 23 9
59 73 5
237 285 8
27 21 9
221 100 6
81 22 10
178 171 9
4 45 2
70 228 9
206 202 10
233 40 5
262 19 3
100 256 8
184 283 1
68 10 9
207 38 8
142 108 3
247 273 6
222 203 10
24 139 6
168 72 2
296 138 3
190 149 1
121 33 5
31 213 7
68 254 3
7 297 6
263 250 1
16 276 4
3 252 7
120 76 3
145 59 6
59 247 7
7 183 6
85 152 1
100 220 7
44 161 2
257 102 10
195 130 4
36 133 7
38 243 3
25 98 8
46 91 4
70 141 9
127 270 7
151 170 2
73 265 1
243 256 10
172 252 10
268 164 8
68 17 9
156 8 2
182 210 1
41 140 2
115 287 7
21 84 9
68 209 2
265 44 7
204 267 9
235 287 7
128 107 2
77 199 8
72 283 6
110 191 7
166 93 9
116 87 9
170 196 3
284 8 6
298 284 3
228 156 2
118 79 4
5 203 1
23 128 10
186 238 1
77 20 6
211 204 2
4 298 5
39 248 3
48 171 3
277 259 5
52 254 10
104 24 8
68 1 4
54 90 7
15 118 9
152 225 10
172 125 9
91 203 8
27 241 1
196 68 10
281 191 3
1 297 8
169 12 2
73 104 10
136 117 7
292 289 1
148 50 8
140 119 1
74 28 6
231 116 2
145 149 1
163 152 8
148 17 4
3 251 9
272 87 6
125 153 5
147 196 2
216 212 1
270 210 1
247 107 5
73 252 5
103 272 5
29 124 9
208 288 6
264 236 9
139 137 5
52 290 9
55 226 5
205 101 1
246 154 10
294 269 1
248 285 9
295 54 5
200 260 5
226 40 2
54 249 3
222 3 6
174 239 7
122 100 8
146 133 6
6 110 3
7 160 6
228 112 6
78 229 1
193 226 9
231 244 2
174 170 6
153 44 4
112 190 1
106 225 1
278 16 5
293 252 1
296 74 10
252 154 4
250 287 4
190 56 8
184 175 3
117 168 3
46 4 2
154 86 9
84 116 5
182 139 1
52 282 3
278 30 1
7 220 8
74 219 5
103 145 4
145 276 2
70 22 6
11 168 1
179 4 7
189 62 9
53 114 3
221 112 1
196 143 8
161 279 9
73 223 2
190 170 4
263 240 4
185 19 8
171 140 10
275 49 10
293 244 4
31 214 9
185 271 10
55 261 5
4 97 3
139 251 2
200 182 9
41 195 4
122 222 5
25 180 2
90 285 10
100 163 2
114 100 3
97 203 10
193 101 4
195 8 7
148 140 9
185 181 2
162 59 8
38 136 2
79 213 2
154 187 9
129 247 8
130 150 5
21 291 7
260 287 3
200 113 2
46 50 7
3 212 7
217 111 9
240 58 10
270 24 9
113 106 10
263 224 9
97 12 4
10 175 2
49 173 9
255 44 6
194 196 6
183 278 9
188 256 2
295 157 6
184 120 4
278 162 7
54 148 6
25 37 7
194 236 6
206 172 8
169 182 3
65 117 3
255 286 1
184 215 4
130 217 6
25 107 6
230 185 8
234 33 8
202 150 7
188 91 1
262 112 2
279 18 7
100 9 7
220 53 6
221 169 3
206 250 10
149 177 7
80 111 10
121 209 6
139 151 6
244 113 4
155 114 6
208 282 7
218 186 10
247 280 8
108 67 5
272 78 5
190 61 8
199 131 1
96 19 9
11 21 8
287 51 6
281 70 10
170 68 10
61 208 7
34 53 8
13 114 2
102 224 4
187 275 7
264 123 4
155 75 2
68 270 9
264 230 5
172 144 3
10 39 1
79 193 3
270 185 2
251 27 5
262 251 3
237 267 6
176 96 5
28 84 3
104 100 9
269 81 3
101 71 7
37 240 6
249 177 5
114 68 4
196 142 2
72 131 7
225 146 1
223 22 9
52 221 10
106 48 9
145 1 8
239 158 2
226 157 3
18 127 4
289 245 9
29 228 5
31 236 2
160 116 3
55 258 9
131 155 4
141 129 3
226 18 2
214 160 9
21 92 2
54 127 4
116 267 4
41 55 2
29 0 9
148 173 3
241 268 8
43 290 10
168 183 10
128 86 8
173 140 4
77 81 9
146 236 2
168 129 1
169 210 8
35 217 6
138 13 1
81 145 6
221 216 8
36 89 5
161 166 6
281 135 2
266 289 6
283 39 4
219 260 4
18 282 7
18 172 2
148 62 4
153 213 6
172 1 1
138 143 8
23 176 1
173 281 6
128 2 5
77 30 7
56 236 9
16 282 2
253 171 9
142 14 10
257 124 1
94 38 6
32 263 1
185 113 5
297 145 3
69 253 6
264 34 6
71 173 1
276 178 10
40 21 4
157 218 5
218 236 9
21 37 3
237 162 10
38 93 2
223 191 2
146 262 7
58 14 8
208 194 5
285 154 1
251 176 3
47 21 7
164 0 10
293 11 10
10 199 5
251 122 5
49 115 7
181 243 6
134 97 4
262 223 6
188 22 4
222 12 1
232 72 9
153 183 1
260 84 10
193 87 7
265 60 2
145 236 9
36 146 7
28 197 2
141 137 4
149 276 10
62 44 4
23 151 2
251 114 8
110 170 2
175 134 3
113 34 10
224 36 9
239 113 7
299 144 8
183 0 2
116 10 6
142 276 2
293 275 2
8 246 2
264 19 9
182 206 1
219 130 3
235 179 4
78 120 1
65 55 9
180 296 8
81 154 6
240 101 7
174 109 1
123 175 10
151 57 6
20 110 8
116 12 8
40 223 6
40 291 10
255 90 2
274 191 1
67 283 8
173 142 6
97 102 7
182 126 8
222 290 4
256 90 1
186 118 4
153 265 7
229 102 8
115 71 1
174 80 7
272 153 7
231 127 7
178 20 10
129 12 4
39 118 7
246 244 8
234 230 3
4 159 9
100 222 4
114 96 9
274 229 4
236 298 1
188 263 9
199 166 5
19 184 5
171 66 4
84 132 8
268 229 1
30 129 8
148 233 6
202 289 1
97 277 10
275 165 5
75 225 5
113 42 5
203 256 8
202 224 1
226 3 6
241 93 5
161 109 2
253 288 9
284 188 8
143 173 8
129 193 7
142 238 9
112 56 6
10 143 9
246 164 10
224 297 5
104 189 1
132 37 2
102 4 4
111 101 7
214 28 9
225 5 7
116 203 9
140 47 9
239 68 1
17 224 2
117 40 1
180 33 9
117 52 2
152 195 7
66 278 8
30 67 3
205 74 4
49 266 8
196 82 2
46 13 10
85 5 10
213 123 1
228 197 4
153 199 1
7 115 7
34 85 6
228 67 2
96 266 5
11 70 3
90 276 10
167 61 1
212 217 9
130 50 3
160 66 4
232 280 1
125 17 8
55 162 10
277 131 10
209 246 1
90 132 2
176 272 4
79 260 10
197 274 5
57 253 8
203 90 8
263 197 8
252 29 7
85 52 3
48 91 1
103 249 2
192 71 6
253 256 1
150 234 7
69 257 8
152 88 6
140 197 3
149 258 2
166 75 9
234 273 6
216 118 2
189 186 7
265 181 8
249 274 2
289 43 5
95 249 4
19 9 4
0 241 5
30 39 5
85 171 6
171 112 9
238 137 9
165 96 10
251 178 6
41 217 7
195 288 8
50 294 9
13 155 6
3 73 10
125 158 5
176 287 5
93 86 4
299 251 6
201 139 8
14 46 9
20 144 5
154 39 4
130 212 1
15 87 3
219 198 3
207 53 9
52 144 2
159 97 9
160 85 8
14 118 7
120 46 1
288 200 2
84 82 6
4 151 6
85 70 6
187 85 7
45 267 1
216 122 7
11 282 10
44 252 2
0 176 8
183 275 1
32 137 9
36 141 5
69 192 3
36 214 4
52 55 9
276 44 9
102 88 10
77 212 8
163 95 9
201 70 2
21 158 8
149 37 2
84 161 6
182 175 6
249 21 3
133 64 1
176 286 3
171 39 6
238 202 1
25 155 3
180 211 3
165 136 8
121 196 9
290 130 10
245 176 10
284 257 8
88 133 4
201 4 1
166 185 8
64 160 7
85 40 6
265 61 3
69 19 8
220 262 1
159 293 9
4 208 1
8 290 8
98 243 5
93 5 7
19 208 10
197 290 7
256 18 2
118 19 3
4 263 1
189 86 7
146 175 1
124 129 6
16 58 6
95 88 7
93 211 8
55 167 4
164 176 4
268 232 7
56 121 7
122 116 1
93 234 4
146 178 2
281 275 8
189 180 10
248 175 9
62 48 3
53 180 10
257 151 1
192 277 7
16 126 7
265 239 5
272 85 9
71 144 2
238 106 8
101 106 4
174 28 6
216 133 10
165 199 5
62 241 9
252 239 7
5 246 8
112 179 9
247 240 3
65 139 5
46 183 10
87 158 9
156 75 6
57 111 7
281 32 8
31 51 7
251 56 3
195 220 5
17 164 7
35 19 8
263 117 10
250 270 8
295 134 9
198 5 1
15 24 5
162 64 6
92 181 10
129 262 9
13 245 1
215 90 2
22 244 1
115 246 9
138 241 7
125 30 9
275 263 3
41 101 9
192 48 1
263 71 5
189 84 1
257 51 1
294 271 5
166 35 4
284 103 5
109 20 3
197 293 4
50 104 10
294 20 3
276 39 5
152 191 4
239 63 5
225 160 10
174 176 8
105 211 10
269 262 6
7 192 2
136 254 9
69 284 2
57 59 5
204 128 3
112 105 3
142 40 1
297 183 3
92 44 5
3 51 1
241 239 5
173 92 9
281 271 6
100 214 9
233 130 7
37 291 8
247 40 7
3 52 2
42 158 5
56 83 9
21 38 9
59 243 5
150 91 3
248 142 4
218 51 5
222 14 2
295 206 6
172 97 8
77 220 1
113 293 7
292 66 8
122 141 8
46 141 2
13 268 4
61 242 8
178 237 8
87 13 2
83 214 5
218 234 3
3 121 10
253 165 5
121 205 6
90 268 3
31 267 7
262 29 5
260 99 1
53 121 10
188 286 5
89 256 5
229 47 10
25 15 2
151 54 5
272 104 7
14 61 1
211 290 4
159 298 7
287 3 4
229 134 2
69 255 7
195 64 4
210 89 3
123 186 3
270 214 3
258 119 7
104 218 5
221 7 7
170 119 2
25 190 6
221 237 9
15 64 10
179 40 10
112 20 3
158 260 3
70 118 4
47 16 6
53 43 9
293 28 9
32 172 7
25 99 4
120 41 1
126 49 3
248 77 2
251 30 4
184 165 3
114 281 9
117 54 3
285 38 8
200 254 5
257 114 4
181 256 7
103 147 4
78 144 4
121 277 10
207 157 9
227 0 4
80 131 5
66 146 3
279 246 1
291 203 3
34 172 9
277 94 5
138 84 6
223 205 6
179 23 2
55 93 5
153 211 5
225 58 2
200 233 7
222 195 2
91 229 4
107 258 4
286 96 2
249 230 2
284 87 5
267 142 10
63 259 3
108 105 3
155 191 8
249 279 7
116 287 10
239 120 2
83 134 2
100 274 10
113 258 4
101 168 4
4 195 6
228 3 5
278 210 2
169 70 5
7 186 4
74 192 5
151 27 5
115 227 9
208 17 10
257 219 5
240 147 5
294 188 3
105 139 1
1 225 2
89 63 9
159 196 2
172 12 9
245 262 10
202 277 1
2 269 2
230 285 8
49 67 7
144 60 10
5 219 7
15 21 9
269 151 4
65 148 10
106 144 2
176 231 1
185 264 5
84 163 4
76 210 9
288 267 4
138 157 1
259 70 10
156 61 10
285 292 4
85 186 5
216 258 6
164 252 4
132 168 9
113 149 5
91 189 3
259 197 8
297 40 10
5 52 1
268 233 7
176 70 8
176 210 4
89 74 8
122 6 1
18 280 10
67 125 1
6 188 3
171 65 1
39 33 5
106 157 5
235 229 6
106 178 2
136 244 3
250 95 7
239 272 2
287 141 3
16 199 3
67 237 9
173 117 7
157 144 6
254 101 3
96 283 7
192 215 4
8 206 10
299 193 3
249 125 8
109 152 2
264 33 10
83 160 1
91 245 6
80 118 5
82 270 2
167 26 7
266 18 1
268 17 10
286 173 5
184 266 7
113 91 8
156 292 8
5 113 2
74 215 4
4 240 10
169 141 4
233 125 4
7 91 3
106 186 10
220 246 1
37 133 10
70 116 4
298 121 5
115 247 4
62 243 6
287 174 5
186 241 3
233 0 6
121 158 6
55 186 4
213 97 10
280 276 10
209 226 9
233 111 2
154 199 1
162 10 5
202 124 4
74 191 6
98 70 10
99 123 10
294 122 6
39 161 2
251 102 3
294 117 4
146 279 8
76 15 4
191 216 9
262 234 3
57 83 7
190 128 7
131 74 8
232 165 1
237 214 4
295 168 9
245 150 7
70 41 5
244 55 1
23 250 1
279 83 7
60 141 7
197 152 8
188 266 4
296 210 1
83 264 1
155 214 3
4 147 2
110 124 9
289 264 10
254 185 7
268 134 8
47 226 4
289 230 4
201 153 8
67 188 1
269 116 10
119 277 7
14 288 9
99 242 8
14 165 10
31 284 2
182 295 6
237 206 1
219 164 10
133 53 6
263 103 9
183 169 3
129 159 2
199 145 7
192 62 7
194 252 3
255 285 1
246 44 1
123 177 1
60 235 7
193 220 3
3 37 10
43 191 5
246 48 4
121 294 10
245 152 10
273 150 2
112 275 6
144 85 9
150 278 4
254 33 9
182 201 8
298 291 10
78 184 3
287 191 7
257 246 3
23 159 8
158 233 4
217 26 4
0 280 6
284 150 3
216 239 6
31 109 4
55 122 7
66 113 1
200 129 3
173 235 8
99 62 4
223 10 4
30 217 5
12 247 2
149 30 3
61 2 5
139 68 9
162 20 2
162 153 9
216 77 9
41 248 8
121 218 5
133 266 4
136 22 6
0 83 10
66 222 6
120 164 7
120 2 4
164 140 10
4 108 8
277 290 4
72 169 3
84 284 3
97 100 9
168 200 2
8 282 7
113 45 1
129 165 10
235 29 2
78 32 10
29 245 4
159 231 1
231 153 5
91 2 3
38 166 9
155 106 8
17 102 9
154 221 6
259 262 7
264 225 3
201 294 10
217 95 7
203 170 2
282 278 10
278 68 1
247 87 1
286 295 1
228 99 1
295 190 5
299 154 6
138 253 9
221 284 8
96 118 1
291 84 3
225 134 5
59 61 6
197 99 9
6 27 4
44 158 10
194 201 4
243 297 6
69 63 10
145 208 3
179 149 6
235 202 8
135 208 7
243 90 6
144 253 8
116 261 4
73 233 5
50 176 3
48 164 10
297 284 9
224 77 8
76 82 2
235 169 7
4 53 4
93 126 3
172 72 4
294 276 6
27 290 9
100 161 6
172 158 6
202 14 10
99 47 6
253 188 3
79 83 6
289 72 8
233 100 3
4 54 1
261 27 1
36 175 7
89 212 8
87 108 7
153 241 9
299 22 5
21 187 8
19 100 9
250 64 3
206 152 10
204 293 4
171 51 10
199 264 8
190 40 10
109 112 1
279 135 6
108 92 1
141 227 1
101 19 10
213 23 8
181 258 9
247 277 2
159 81 9
64 190 9
41 136 6
228 296 6
72 189 7
272 36 7
31 232 8
290 135 4
6 243 2
251 195 9
41 194 6
39 258 2
201 217 6
72 259 10
253 187 7
61 54 4
41 163 6
235 18 9
0 236 2
281 200 1
37 159 7
122 68 6
92 81 9
283 9 7
17 192 8
271 295 10
220 237 8
83 24 8
73 96 10
285 115 7
54 198 7
155 258 10
75 273 3
259 206 3
275 292 7
245 168 10
226 245 2
52 178 2
9 2 6
72 108 8
258 263 4
162 60 9
114 286 2
189 235 10
51 163 6
2 217 10
29 239 10
116 187 6
52 243 8
121 129 8
99 23 8
65 200 8
202 259 5
177 238 10
79 64 7
89 173 9
112 248 4
266 108 10
138 259 7
65 133 1
294 179 8
78 137 4
230 32 4
218 178 7
166 207 7
20 75 1
47 294 7
255 229 6
70 84 1
87 294 8
275 272 4
118 55 3
215 137 3
289 29 2
236 138 9
256 66 7
179 165 7
53 90 10
26 212 2
174 140 1
94 135 9
89 253 2
141 168 6
143 209 1
160 254 7
27 2 5
187 120 1
218 94 1
4 277 7
112 125 4
4 284 8
60 180 4
221 44 6
56 123 2
232 196 8
220 291 10
266 209 7
24 265 8
151 147 3
144 260 7
77 72 5
215 77 1
168 50 1
121 142 4
164 283 4
165 293 9
279 27 2
187 103 10
124 48 1
184 287 9
40 116 9
273 99 8
113 281 3
297 102 3
56 209 4
11 292 7
273 13 8
270 174 10
123 298 4
268 66 1
14 297 4
121 272 3
220 141 1
94 138 3
121 246 8
34 291 9
56 262 7
217 20 6
67 34 1
172 35 7
69 76 4
217 145 8
228 207 1
82 183 5
119 214 3
242 147 8
196 32 1
186 211 5
121 36 8
230 129 5
35 282 9
117 175 2
5 192 4
93 222 1
134 93 9
244 151 10
151 99 8
154 161 7
206 214 1
54 231 9
122 114 5
240 139 3
287 155 5
151 227 7
96 77 6
88 231 5
26 273 4
265 281 10
163 73 8
171 199 2
293 191 2
223 204 5
184 193 8
42 182 5
299 277 4
32 131 1
145 39 9
76 22 6
153 185 3
56 205 6
46 160 2
187 128 8
169 192 2
256 150 4
64 74 4
142 219 2
60 157 8
47 238 2
261 73 5
266 180 9
243 147 9
26 57 3
120 165 1
0 101 9
188 16 10
133 120 1
245 49 10
279 114 7
116 100 5
190 152 2
149 122 7
281 115 2
231 175 4
172 188 5
226 192 9
291 192 6
161 120 7
131 271 2
109 86 3
223 17 4
4 250 6
202 176 7
52 63 1
48 298 8
86 105 6
24 4 4
127 75 1
104 193 3
57 246 5
98 277 5
23 16 9
115 237 7
135 37 3
188 73 2
215 149 2
242 22 6
240 166 9
129 166 9
227 264 9
151 263 1
175 60 7
280 193 10
198 220 5
130 269 4
53 246 10
164 79 2
179 229 1
167 110 3
68 146 1
130 297 6
86 231 9
160 139 9
80 74 4
245 158 1
212 228 5
126 9 3
290 119 5
142 237 7
214 274 1
191 62 6
139 180 9
182 236 5
66 257 1
114 154 1
48 272 1
43 173 6
147 109 7
270 173 9
20 91 7
25 48 2
143 57 2
46 116 10
64 89 5
186 160 5
49 152 2
137 174 8
142 70 7
251 144 4
187 109 7
9 260 1
284 144 10
145 30 6
263 267 2
262 187 5
5 195 2
181 53 8
296 37 6
81 276 8
4 106 7
264 81 3
192 65 10
41 262 4
114 299 2
92 20 7
196 15 6
241 5 5
75 82 7
258 190 1
101 231 9
6 94 7
255 250 5
167 246 2
208 253 7
23 249 6
88 135 7
118 124 5
149 106 4
196 64 6
122 263 2
206 21 4
180 125 8
166 42 6
108 57 7
248 282 10
84 178 4
106 60 4
167 34 2
296 114 9
275 185 6
244 281 8
269 121 9
259 282 3
188 146 6
277 166 6
178 272 10
238 53 4
252 243 3
112 30 2
245 253 3
79 212 7
220 152 9
47 174 1
242 203 1
113 285 4
187 158 7
121 202 1
244 114 7
100 59 4
62 268 2
242 296 1
276 153 5
30 256 10
269 66 5
157 201 1
11 14 7
65 113 3
198 117 3
144 40 8
292 278 5
77 103 9
201 79 5
49 240 9
148 39 9
217 182 10
49 193 7
209 129 10
173 17 2
188 35 8
1 79 2
74 248 3
78 38 5
174 190 2
244 159 8
215 208 2
187 247 3
203 265 10
124 95 3
189 96 3
264 288 6
245 84 4
281 258 7
1 169 9
6 157 2
66 294 5
225 78 6
290 137 7
122 153 5
163 180 9
296 13 7
188 280 5
278 230 5
263 68 4
3 10 1
285 229 9
41 244 9
55 254 4
299 172 6
67 100 2
137 260 10
299 10 1
55 273 5
219 256 10
181 251 5
194 242 3
160 208 7
14 27 5
295 84 5
76 135 9
124 155 4
178 79 1
294 223 10
73 39 1
238 55 1
243 102 4
97 287 7
152 277 6
231 281 1
186 37 2
242 192 6
131 283 1
94 259 6
85 249 2
43 192 2
192 180 5
71 216 3
166 264 9
134 195 4
2 133 5
299 173 1
82 151 10
124 297 3
204 36 9
177 79 5
48 170 5
29 287 6
200 15 7
88 264 1
69 41 6
10 31 9
95 127 7
171 298 10
0 60 7
242 235 8
261 94 9
108 254 4
283 154 3
31 275 8
282 22 9
230 227 5
142 150 9
25 95 10
35 205 8
217 38 1
263 171 7
99 31 5
59 14 6
213 151 5
218 79 3
86 45 4
201 287 8
210 22 5
126 105 7
238 120 10
257 28 10
35 139 4
132 74 8
61 104 9
93 28 3
211 223 10
240 278 3
61 232 1
266 142 3
186 86 5
13 127 2
122 180 6
281 293 8
247 242 2
144 245 2
6 227 5
35 268 2
237 45 7
276 147 8
278 95 1
256 197 2
11 298 4
204 194 10
155 239 9
21 91 1
156 70 9
298 285 2
70 261 3
22 17 4
112 25 1
171 212 3
9 132 10
150 168 7
260 153 8
111 54 9
75 65 1
221 67 4
46 28 3
107 257 9
73 282 5
60 132 5
140 63 5
286 1 4
214 80 8
121 282 10
247 42 2
229 249 10
69 158 1
264 195 1
208 87 3
10 49 3
151 135 7
281 241 4
54 121 2
161 242 10
162 25 4
277 238 3
16 26 8
263 130 1
245 128 8
77 132 5
120 10 3
197 80 4
8 134 7
229 156 1
199 242 2
216 277 7
12 203 9
97 8 2
43 52 10
188 119 10
50 239 3
152 42 3
152 75 7
160 56 3
275 143 1
6 298 8
112 10 10
251 268 2
40 11 6
203 60 8
59 258 9
43 85 8
131 11 9
57 25 7
228 298 9
266 183 7
76 295 9
73 298 5
238 258 3
88 194 5
109 83 7
14 201 5
132 104 9
15 241 6
171 40 2
130 278 7
170 182 1
282 227 2
196 239 10
50 295 3
246 28 1
170 113 8
279 150 9
80 67 4
67 52 2
201 234 8
263 64 3
65 166 8
216 169 9
71 219 3
179 27 3
140 235 8
156 93 9
263 145 7
290 98 8
100 113 8
8 252 3
53 212 2
14 214 10
284 97 8
199 234 3
284 90 3
38 230 2
208 272 2
83 172 3
35 112 9
71 274 1
238 24 6
35 260 3
263 89 7
57 125 4
135 33 10
272 255 4
267 16 9
233 139 7
79 119 1
178 119 7
5 164 7
214 201 8
142 99 7
159 262 8
34 71 6
172 262 9
2 186 9
4 129 6
279 17 5
247 53 10
58 247 10
148 213 6
208 55 1
48 295 9
233 105 3
283 145 3
267 298 10
210 219 7
83 272 2
72 63 3
61 271 6
101 25 9
162 143 7
11 128 2
193 103 8
261 122 10
287 254 5
294 0 1
248 239 8
172 63 1
138 196 5
0 32 3
87 255 5
72 84 2
64 236 8
110 133 2
75 248 8
121 248 5
46 234 10
105 253 9
227 105 2
57 91 6
191 244 9
288 128 8
117 56 8
268 275 7
57 100 7
62 78 6
277 2 3
222 220 2
135 271 3
193 231 5
0 48 8
205 289 5
92 98 1
246 145 3
197 260 6
271 204 5
231 21 6
209 5 2
147 130 7
259 294 9
199 294 5
274 60 8
174 216 3
183 28 8
268 57 6
37 74 6
100 192 1
69 45 6
239 214 2
71 135 8
124 218 10
129 185 4
215 222 2
164 122 10
0 195 5
197 153 3
100 166 7
107 70 1
139 285 7
163 248 6
3 181 7
164 214 8
199 130 4
235 73 2
289 270 5
122 287 9
128 274 9
177 29 3
20 55 5
5 201 6
204 60 1
265 147 1
160 43 3
45 191 4
108 114 1
208 294 10
49 8 9
123 28 5
13 23 6
24 129 8
208 255 1
91 62 1
124 26 6
195 267 2
32 121 2
200 226 10
97 123 2
188 248 6
222 183 3
143 16 7
228 56 6
298 49 2
142 132 3
111 279 8
276 221 2
153 67 1
233 121 3
46 205 4
137 148 10
243 128 9
154 170 10
255 203 6
215 125 1
269 260 2
32 264 6
21 111 1
61 178 6
105 33 9
160 144 9
246 47 1
296 107 3
43 100 6
99 176 1
223 175 7
150 146 3
92 33 3
231 58 8
147 30 4
171 276 3
179 276 4
151 258 7
217 159 7
267 262 2
28 39 7
260 97 8
23 220 4
114 67 4
8 104 7
254 23 9
0 131 7
246 86 4
16 53 7
121 223 8
103 170 3
12 245 4
179 22 7
156 262 6
110 32 5
31 268 4
229 214 6
57 266 10
167 139 1
182 24 1
247 69 2
218 81 7
279 98 3
253 299 7
98 59 8
167 106 6
138 52 5
114 139 7
211 6 7
13 188 9
8 4 9
37 34 10
131 65 9
162 188 6
32 101 7
101 280 10
3 175 5
258 71 1
10 140 1
9 77 3
164 64 6
227 211 6
125 3 9
213 57 2
7 290 5
207 0 8
72 16 8
8 241 5
64 200 9
207 121 9
286 141 3
113 16 5
95 197 4
105 44 8
183 251 5
185 123 1
144 58 5
205 118 3
274 246 7
88 209 6
118 77 7
199 190 1
231 228 2
275 242 9
261 243 5
118 290 7
208 53 7
62 221 5
168 252 8
43 82 7
251 65 9
175 48 3
46 76 10
27 240 5
62 201 2
274 83 6
252 182 6
164 296 9
219 18 6
245 88 7
0 68 8
267 95 2
235 209 10
211 13 1
10 231 3
277 181 8
180 45 3
156 174 5
29 129 7
92 25 7
193 25 3
154 190 10
109 105 3
151 95 9
64 285 8
265 195 8
123 287 4
211 41 2
248 299 5
102 106 2
164 200 2
271 216 4
160 141 9
87 101 1
251 285 4
157 71 10
273 140 3
222 160 4
2 262 6
201 150 7
54 100 5
184 284 7
145 220 8
297 219 1
49 27 3
232 174 8
43 105 10
269 131 10
154 72 4
118 293 7
164 43 8
21 132 7
14 119 9
298 80 4
129 287 1
138 285 4
79 6 1
196 273 10
161 69 10
29 297 4
39 167 9
296 60 5
169 65 6
177 233 7
248 186 6
112 172 3
87 8 3
299 169 1
144 88 2
135 236 8
27 284 2
109 153 7
119 272 5
199 137 5
256 247 10
28 175 5
160 246 3
253 115 9
12 297 10
130 17 2
58 216 7
133 224 6
130 56 10
39 164 9
153 102 7
54 134 2
219 274 10
99 253 6
216 105 4
180 220 9
166 80 10
86 241 8
57 136 5
114 270 5
126 76 6
173 105 8
159 95 7
12 179 7
17 132 10
248 60 2
154 2 8
247 15 9
278 65 5
60 159 3
114 142 9
227 51 7
33 259 7
223 259 5
208 83 6
178 30 7
176 232 5
160 42 6
216 18 3
202 132 2
44 2 1
252 35 8
145 201 1
239 293 4
278 133 9
273 175 7
219 161 3
280 171 3
180 267 1
125 164 10
241 254 4
172 24 9
284 197 7
17 26 2
13 251 3
36 219 6
264 146 1
229 174 8
189 231 10
104 258 8
85 73 10
72 89 7
102 20 7
291 50 10
221 234 4
66 250 8
86 160 5
77 184 5
87 295 7
44 258 3
15 173 4
93 49 2
31 195 6
297 283 2
12 199 7
18 16 5
284 254 1
78 298 1
271 156 2
18 249 6
261 268 5
277 30 8
78 200 1
144 14 8
178 216 1
232 9 3
280 161 1
70 138 7
126 149 2
115 86 5
193 139 3
42 286 9
93 208 6
29 184 10
256 242 9
38 238 4
166 87 7
135 231 10
121 109 3
247 6 3
105 170 3
236 171 9
188 243 1
108 95 3
267 96 8
122 209 6
21 88 3
121 141 2
83 284 4
203 212 4
45 148 10
47 153 6
75 35 3
128 53 1
235 17 8
124 90 2
65 285 4
236 155 8
129 252 6
210 142 10
225 189 7
265 41 7
129 120 7
259 0 6
3 204 10
110 28 8
272 211 4
222 178 3
286 249 9
116 245 6
24 14 7
180 150 5
96 126 7
27 139 8
113 108 7
45 122 2
236 215 8
120 179 10
37 201 3
122 225 9
76 299 1
70 129 8
155 271 6
205 4 2
66 79 2
214 15 4
63 245 5
45 73 1
282 162 10
280 208 2
60 23 5
257 253 4
20 108 10
77 45 10
104 220 2
145 186 3
240 190 8
165 111 9
214 105 9
117 293 8
199 246 10
205 18 4
38 80 8
21 12 4
94 272 2
54 216 6
87 96 6
245 21 3
18 110 7
217 280 9
260 173 6
106 211 6
155 110 6
232 207 10
101 161 10
123 248 5
107 212 8
258 164 9
79 190 10
248 203 7
143 29 4
125 44 5
177 103 4
88 171 3
130 220 9
121 79 9
55 165 8
142 123 8
285 204 6
238 152 5
227 114 5
38 185 8
179 114 7
129 296 1
63 8 3
3 59 3
228 96 9
146 137 6
270 101 9
182 11 4
43 168 2
106 142 5
196 43 5
98 129 10
83 74 9
141 146 2
155 160 1
243 41 7
1 275 10
14 18 5
58 160 5
10 21 4
19 56 6
246 258 10
34 133 5
146 58 8
80 5 9
104 286 4
296 96 10
46 86 3
139 144 1
78 179 4
30 198 8
27 105 2
193 19 6
127 173 2
258 34 4
202 151 10
48 21 9
195 100 3
76 214 8
169 98 7
285 61 1
186 274 5
73 175 1
140 283 7
177 81 5
54 76 6
268 271 4
116 230 6
218 263 10
39 42 2
215 79 3
298 231 10
224 158 9
275 298 8
225 179 3
160 218 7
75 0 2
235 261 9
204 72 4
297 226 2
224 141 10
276 132 1
293 57 8
229 251 4
194 42 9
228 226 1
30 291 8
38 35 1
215 164 3
266 8 8
66 284 4
135 129 9
172 169 3
295 133 7
197 135 5
290 143 10
43 181 4
239 209 6
90 5 7
243 177 3
145 261 5
294 237 7
172 264 6
200 72 1
152 71 8
107 295 9
23 153 5
213 210 4
109 107 4
293 47 7
58 1 2
202 23 3
231 32 3
264 143 5
192 253 8
53 297 9
104 20 8
211 176 6
188 8 10
222 182 5
120 159 7
250 106 5
152 106 8
168 198 9
7 254 2
290 138 8
177 130 9
203 207 6
56 178 2
0 44 6
189 264 9
26 34 1
223 292 5
239 115 9
14 182 10
45 290 1
165 46 1
5 291 4
178 43 4
148 263 9
124 185 1
90 262 1
2 271 2
232 1 3
161 86 8
187 143 9
148 264 2
0 132 9
136 8 10
6 218 9
28 220 10
1 260 5
18 23 5
160 200 4
147 209 10
118 139 3
57 109 9
187 245 5
157 275 9
215 85 9
95 155 1
149 233 5
76 168 1
161 256 6
54 126 3
17 214 8
91 221 2
56 45 7
156 130 4
279 283 7
7 241 9
297 83 3
262 297 6
56 166 8
43 138 7
82 230 7
17 287 6
168 46 7
262 204 5
288 157 10
127 238 7
125 241 8
244 174 7
86 266 7
255 186 9
275 144 5
179 127 5
81 215 9
231 212 9
32 85 3
292 208 6
193 155 4
239 186 6
217 89 2
2 20 8
260 120 5
232 287 9
137 56 3
199 160 4
49 116 3
42 170 2
111 121 1
34 73 7
12 290 4
143 260 6
128 272 10
283 151 2
283 262 4
53 35 9
4 234 9
156 220 3
49 57 1
23 143 10
13 131 8
156 165 5
243 211 7
53 228 6
46 55 2
107 250 3
205 85 7
250 229 5
254 42 2
185 298 3
297 142 8
149 272 10
219 81 2
251 213 4
296 194 8
197 128 1
221 130 9
140 226 6
213 177 2
52 292 2
265 253 1
44 94 3
71 122 8
99 77 7
214 123 5
79 174 9
280 186 5
117 289 5
284 294 1
78 271 1
270 137 1
173 38 8
67 293 8
270 25 8
234 97 2
167 20 10
91 155 2
214 263 3
42 197 6
224 81 7
64 185 9
69 296 5
209 222 10
186 98 8
273 116 9
54 150 4
201 216 6
98 205 8
194 298 9
253 129 2
57 38 8
238 209 1
55 277 6
149 56 8
165 220 4
21 281 2
95 117 10
280 216 8
171 221 7
58 218 6
23 268 9
138 266 4
47 61 4
298 165 9
42 240 3
105 137 10
230 27 6
231 113 2
235 3 6
268 204 7
