200 7500
0 1 7
1 2 10
2 3 7
3 4 1
4 5 2
5 6 4
6 7 7
7 8 1
8 9 3
9 10 10
10 11 6
11 12 8
12 13 9
13 14 9
14 15 1
15 16 6
16 17 2
17 18 10
18 19 8
19 20 9
20 21 10
21 22 5
22 23 10
23 24 3
24 25 1
25 26 3
26 27 3
27 28 2
28 29 10
29 30 5
30 31 2
31 32 2
32 33 6
33 34 7
34 35 8
35 36 7
36 37 6
37 38 4
38 39 6
39 40 6
40 41 5
41 42 1
42 43 6
43 44 6
44 45 9
45 46 4
46 47 7
47 48 2
48 49 5
49 50 3
50 51 10
51 52 5
52 53 3
53 54 10
54 55 7
55 56 3
56 57 4
57 58 9
58 59 2
59 60 3
60 61 8
61 62 2
62 63 6
63 64 7
64 65 4
65 66 5
66 67 10
67 68 1
68 69 1
69 70 3
70 71 5
71 72 7
72 73 3
73 74 8
74 75 2
75 76 9
76 77 7
77 78 1
78 79 8
79 80 2
80 81 3
81 82 7
82 83 2
83 84 1
84 85 2
85 86 2
86 87 7
87 88 2
88 89 8
89 90 5
90 91 6
91 92 9
92 93 8
93 94 8
94 95 8
95 96 1
96 97 4
97 98 7
98 99 7
99 100 4
100 101 9
101 102 9
102 103 7
103 104 7
104 105 10
105 106 4
106 107 7
107 108 3
108 109 4
109 110 6
110 111 10
111 112 8
112 113 8
113 114 7
114 115 10
115 116 2
116 117 10
117 118 5
118 119 3
119 120 3
120 121 1
121 122 4
122 123 2
123 124 8
124 125 5
125 126 5
126 127 2
127 128 1
128 129 1
129 130 2
130 131 4
131 132 1
132 133 1
133 134 2
134 135 3
135 136 10
136 137 6
137 138 7
138 139 2
139 140 7
140 141 2
141 142 7
142 143 1
143 144 9
144 145 5
145 146 10
146 147 8
147 148 6
148 149 6
149 150 4
150 151 1
151 152 4
152 153 8
153 154 2
154 155 9
155 156 6
156 157 6
157 158 10
158 159 6
159 160 4
160 161 6
161 162 2
162 163 4
163 164 4
164 165 1
165 166 10
166 167 5
167 168 8
168 169 4
169 170 5
170 171 1
171 172 7
172 173 7
173 174 1
174 175 7
175 176 10
176 177 10
177 178 7
178 179 5
179 180 6
180 181 8
181 182 7
182 183 1
183 184 5
184 185 4
185 186 8
186 187 3
187 188 1
188 189 3
189 190 8
190 191 4
191 192 4
192 193 1
193 194 9
194 195 9
195 196 10
196 197 10
197 198 8
198 199 1
24 81 3
44 63 9
147 134 7
15 107 4
2 75 4
103 91 1
93 129 8
176 55 3
157 55 10
148 105 3
176 129 10
151 154 5
51 7 10
123 8 9
24 162 6
190 183 3
122 20 7
169 5 8
164 134 5
11 82 10
71 142 10
72 9 6
136 51 7
125 120 7
79 105 7
149 1 3
119 173 3
161 35 10
38 49 4
5 38 4
28 139 7
75 133 10
172 21 7
12 105 2
36 174 9
65 125 4
171 185 1
117 102 4
191 101 9
160 106 3
94 122 10
54 60 3
115 32 9
182 53 2
49 31 8
25 152 4
102 123 5
144 33 5
164 72 8
176 160 10
35 42 1
146 48 3
49 154 9
175 76 4
4 27 2
9 52 8
100 98 2
194 46 9
177 10 1
68 101 5
4 182 10
58 128 8
28 121 2
82 96 4
74 156 5
97 122 7
80 26 3
107 7 6
79 112 8
117 4 7
186 0 1
35 190 4
8 18 3
78 43 8
71 117 10
40 82 6
188 114 9
79 184 6
133 137 8
170 49 7
46 62 9
85 146 8
32 24 3
21 192 2
134 184 10
66 4 8
8 165 10
75 51 4
6 73 9
29 103 8
13 105 2
97 131 7
87 144 1
56 10 1
11 172 1
120 180 7
178 7 8
51 35 5
35 45 10
74 168 2
73 184 9
82 33 2
178 120 6
66 176 6
170 139 1
151 76 5
59 98 1
18 153 10
135 166 7
96 92 8
65 83 2
185 83 2
26 52 4
37 34 5
97 101 6
63 4 2
155 185 4
15 33 7
49 98 3
123 45 9
118 186 10
120 116 2
159 94 8
138 122 8
98 171 7
186 140 1
41 47 10
3 25 4
45 72 4
2 99 1
12 8 4
70 80 4
179 121 10
168 189 10
167 100 9
104 86 5
74 79 5
132 34 8
57 50 6
84 44 5
101 80 5
128 150 3
135 171 8
0 109 10
0 67 8
20 11 10
189 137 1
139 21 10
196 170 4
67 95 4
113 100 2
148 76 7
176 85 10
140 163 8
93 133 7
102 144 8
85 163 5
193 54 9
180 46 5
127 65 2
182 48 4
122 52 8
172 189 7
189 119 1
94 174 6
196 120 10
109 157 7
54 164 5
20 7 3
184 128 4
156 137 7
157 189 3
175 161 2
61 150 1
25 183 7
91 179 9
70 31 8
93 37 1
103 57 4
52 121 2
81 171 9
157 71 4
20 46 9
103 59 4
152 91 7
172 0 2
81 118 9
14 23 2
112 129 1
31 181 7
169 148 8
19 0 7
119 28 5
29 125 7
40 19 2
132 134 8
130 101 10
168 181 6
14 194 3
166 85 8
86 116 4
178 106 8
132 13 6
79 32 8
33 17 3
108 133 5
1 3 6
164 44 6
57 190 6
41 140 1
90 13 6
82 105 10
183 173 1
11 154 5
134 169 4
36 19 4
35 182 1
144 137 9
63 168 3
128 112 10
53 178 7
98 60 2
143 86 1
153 173 10
195 161 1
85 123 3
46 138 1
126 197 10
95 12 9
179 117 5
192 122 3
194 176 8
27 119 10
126 24 9
117 77 6
57 134 3
3 132 8
126 199 7
139 94 9
173 115 6
173 132 8
88 78 10
159 96 9
196 74 9
60 57 5
37 114 7
109 140 10
188 66 5
8 127 7
159 61 2
50 14 4
38 146 7
93 105 1
162 195 9
2 65 2
4 194 6
165 2 2
154 142 8
94 57 6
168 32 5
19 66 1
55 28 8
93 122 1
55 40 7
181 194 8
50 189 3
5 24 9
109 118 9
74 72 4
73 56 8
11 163 1
142 156 3
103 47 5
121 35 4
123 11 5
125 3 5
81 64 7
21 10 7
123 22 3
50 59 8
62 95 7
93 98 6
113 136 7
160 9 10
27 114 10
187 191 7
171 72 3
73 188 7
199 137 7
179 87 1
194 158 10
34 183 9
138 178 5
68 18 10
185 39 1
148 196 8
134 129 9
152 192 5
75 105 8
33 164 9
77 39 5
149 195 2
71 105 1
143 11 1
118 43 9
170 153 1
70 28 7
98 124 9
66 49 3
103 25 3
137 146 6
162 3 6
131 22 5
87 83 3
36 26 4
176 52 9
112 18 5
6 68 4
37 134 1
111 17 10
175 111 5
9 25 8
50 156 7
118 108 4
34 176 4
143 0 3
82 112 3
160 133 4
135 152 8
128 7 6
121 114 3
63 173 10
35 175 6
67 12 2
44 198 8
124 150 6
96 68 5
50 28 10
145 124 4
163 44 1
98 117 9
174 63 1
173 28 10
116 153 10
8 149 7
29 25 3
39 129 7
75 130 5
174 27 1
71 106 1
121 156 1
131 118 2
23 43 6
153 168 9
164 128 10
174 149 2
34 90 3
122 83 5
19 39 1
79 168 3
152 159 4
30 67 10
179 90 10
108 137 8
68 44 6
151 70 1
142 153 2
141 173 1
41 114 5
160 18 3
21 12 10
84 105 8
103 197 8
126 31 8
13 134 6
196 1 1
159 106 1
183 191 9
54 188 1
17 152 8
101 128 10
4 76 3
0 24 6
156 113 4
116 130 9
49 10 9
194 32 5
56 49 8
106 47 4
134 155 8
130 111 2
188 185 10
189 164 9
24 80 4
116 21 4
54 13 6
80 181 2
35 75 1
10 115 4
5 10 3
72 168 1
158 20 8
77 79 2
100 55 7
53 139 10
24 133 5
91 22 4
106 39 4
6 199 5
155 42 1
140 30 3
34 108 9
175 8 6
7 108 3
61 113 7
112 159 2
33 2 8
122 144 1
47 138 4
96 17 8
192 91 7
47 77 1
43 13 9
1 194 3
5 193 4
81 105 1
165 158 5
62 23 1
119 26 3
138 118 9
46 101 2
158 143 7
55 190 1
111 138 10
173 105 9
111 140 10
184 131 7
126 36 1
161 98 8
31 52 5
182 80 5
187 161 8
73 80 5
13 57 7
98 84 2
199 62 1
90 170 4
44 4 8
0 43 4
31 174 7
113 149 5
153 112 6
191 78 4
97 113 4
135 194 6
24 43 6
44 133 8
115 159 3
10 89 10
176 119 1
92 150 2
154 41 8
23 158 8
10 179 7
37 192 4
125 107 9
13 106 6
150 130 5
66 112 2
65 156 2
197 2 1
76 30 3
5 174 10
92 136 3
16 158 5
39 33 3
91 198 9
75 125 9
130 142 7
13 55 10
115 12 2
79 169 2
136 196 7
43 84 9
139 182 10
53 175 4
61 0 4
139 132 5
129 34 8
18 10 7
109 105 5
18 175 1
195 63 9
167 68 3
29 198 5
190 3 5
37 7 3
121 146 7
119 18 2
112 60 8
65 97 7
27 181 4
169 72 8
65 18 4
182 1 6
72 114 10
52 97 5
185 24 3
41 104 1
72 40 3
135 143 6
106 161 1
115 56 8
118 166 4
110 32 3
143 192 9
62 38 5
5 17 5
17 184 2
198 129 9
23 187 6
142 111 5
35 19 5
102 157 7
56 43 5
89 71 6
25 0 10
63 43 4
38 22 6
21 24 5
99 190 9
129 152 4
145 61 7
43 85 5
119 107 10
51 66 5
127 41 3
10 153 2
107 133 7
140 142 3
83 43 1
57 162 7
148 184 7
136 193 7
167 97 1
184 18 9
144 180 6
166 170 5
86 30 7
114 53 10
75 44 1
141 80 8
11 171 9
195 165 4
41 107 1
190 77 3
183 187 4
83 147 6
89 52 2
192 79 6
150 172 9
192 65 6
170 27 9
3 28 2
124 10 1
24 58 3
1 55 10
148 158 2
38 1 6
125 184 1
36 86 1
18 78 7
125 48 4
102 194 6
197 118 7
90 94 9
150 132 5
147 16 7
86 6 7
29 129 1
3 102 9
60 116 6
108 18 6
41 132 10
126 167 6
46 9 3
149 89 9
159 21 5
109 65 2
3 37 1
81 40 9
60 68 6
75 8 2
110 1 4
32 84 1
167 162 1
81 35 10
137 76 7
130 72 9
131 21 6
71 149 10
66 87 9
25 36 1
166 122 9
9 154 5
103 70 5
167 151 9
49 23 7
43 141 9
17 24 1
182 47 2
150 113 3
110 158 7
114 56 3
4 95 8
162 183 2
73 32 1
149 183 4
45 61 1
140 170 9
50 161 9
187 111 4
33 49 7
193 135 5
79 188 3
180 174 10
79 47 8
2 52 4
139 184 3
178 4 9
16 42 4
48 29 3
40 52 10
170 197 10
140 76 2
116 143 8
91 136 4
105 158 8
112 58 10
68 80 2
146 96 8
42 39 7
152 1 2
47 61 9
118 184 6
191 75 10
138 116 9
6 180 5
181 155 7
189 141 9
183 93 10
87 92 4
119 174 4
134 174 3
85 12 6
135 30 4
127 68 9
161 49 8
88 131 5
63 106 6
60 134 10
19 47 6
18 118 5
71 52 9
106 137 3
9 15 6
92 112 2
64 88 1
17 176 6
21 191 9
173 51 1
84 35 8
47 195 10
65 85 6
154 48 6
113 4 7
48 37 7
88 28 9
59 192 6
67 19 6
4 56 2
31 66 9
6 125 8
165 79 2
136 82 7
164 34 6
184 174 2
180 154 4
110 75 5
5 23 4
189 69 9
130 95 1
71 111 4
6 54 2
6 37 9
77 84 1
120 152 5
162 42 5
176 1 6
12 58 1
152 185 8
198 40 6
25 14 10
70 132 5
24 110 9
56 33 3
123 0 6
137 72 5
172 12 8
42 84 1
56 82 9
29 66 1
148 44 6
131 68 2
145 76 2
191 151 10
175 22 10
92 111 6
167 61 1
148 181 7
122 11 2
0 18 8
4 157 8
91 95 3
79 13 8
108 112 5
71 193 6
17 93 6
164 29 9
171 181 2
124 23 7
73 97 5
197 108 8
134 158 8
71 59 9
63 129 9
65 106 4
75 182 7
182 66 8
46 37 5
13 113 7
133 110 8
25 50 6
160 184 4
65 87 7
162 150 8
186 142 8
98 181 8
188 199 10
136 45 3
184 23 10
6 140 9
51 74 3
128 34 9
79 88 6
47 174 9
90 160 5
82 110 10
47 131 5
161 5 8
141 27 9
129 167 10
159 86 2
53 193 8
62 3 10
122 3 1
112 121 7
83 113 10
19 22 5
85 129 7
81 130 1
198 37 2
45 170 4
65 73 10
116 48 4
162 121 6
150 86 9
106 182 9
96 151 6
74 118 5
118 125 8
180 128 5
183 185 6
60 162 2
100 46 9
86 132 6
55 14 4
83 140 4
115 3 3
64 129 4
162 38 3
72 142 9
60 123 9
127 174 7
45 174 7
115 136 3
135 26 6
39 111 9
85 136 10
190 22 2
140 50 8
1 138 2
97 74 4
35 71 8
73 186 1
21 156 4
147 69 5
82 30 2
140 64 6
34 126 5
73 191 9
83 38 10
30 87 8
69 148 7
134 75 5
118 99 8
140 8 1
61 100 7
79 66 7
119 100 4
139 183 4
139 50 8
7 143 10
71 13 6
123 73 10
193 60 6
79 181 1
39 138 3
47 56 4
188 102 7
23 168 5
95 107 3
131 125 8
128 146 9
33 179 2
62 34 1
48 155 6
16 141 3
84 140 1
17 80 7
197 143 1
93 67 3
9 136 6
71 192 8
125 98 6
53 36 10
123 188 6
188 28 9
152 136 1
188 81 7
143 18 5
57 123 4
87 143 2
56 128 4
4 53 6
133 48 7
20 171 7
23 56 8
133 88 4
145 37 4
64 116 10
8 141 8
83 11 9
14 181 5
49 63 10
95 178 9
25 107 6
153 164 8
194 40 1
190 105 4
143 127 8
10 87 5
57 52 6
19 38 2
195 20 1
157 133 2
119 92 9
138 187 3
148 106 5
198 164 5
11 189 2
8 27 2
128 3 10
18 64 3
73 122 9
53 169 10
184 198 6
103 160 9
59 10 7
39 75 2
28 84 7
9 146 3
161 24 6
12 97 10
19 31 3
102 120 3
52 148 2
139 187 3
62 64 7
125 156 7
167 44 9
62 81 8
88 71 10
140 189 3
9 179 7
179 171 5
154 73 7
199 164 3
117 61 5
107 136 2
199 46 4
11 16 1
198 128 4
192 180 8
26 38 3
33 63 9
131 186 4
33 154 1
190 187 5
57 27 1
188 38 3
130 87 2
81 109 10
73 0 6
102 15 9
190 116 8
159 92 2
133 82 7
192 23 8
82 13 5
35 83 8
188 47 1
65 14 8
23 87 6
164 141 1
42 58 10
97 169 2
50 155 10
125 11 7
56 93 4
160 80 7
15 108 9
29 148 1
1 125 9
126 39 2
27 167 10
60 79 8
1 81 5
108 44 6
142 69 5
189 67 8
11 175 8
123 194 6
34 195 1
63 139 10
133 79 1
198 122 10
36 182 3
163 124 4
69 113 3
104 102 4
104 16 7
147 30 6
76 74 10
5 59 3
186 56 8
198 54 2
24 42 8
42 121 8
57 199 5
7 145 8
39 159 8
77 67 10
168 143 8
168 100 5
164 77 4
182 169 6
87 145 9
199 103 2
0 160 5
97 86 7
156 77 2
129 94 5
109 42 5
173 99 10
50 78 1
146 171 8
185 38 1
92 113 5
24 69 4
181 50 10
186 130 6
57 9 9
105 66 10
38 97 3
195 147 3
35 49 9
76 34 5
36 106 6
90 118 7
69 90 3
94 152 7
56 161 4
48 1 10
189 57 3
35 4 2
159 9 5
67 2 6
111 190 4
120 177 3
76 92 1
174 59 5
38 3 2
163 93 3
31 82 1
7 47 9
135 158 5
127 16 9
12 143 5
12 32 10
2 60 7
38 105 6
122 115 3
53 57 8
106 88 10
74 119 1
50 194 7
48 118 7
140 154 3
3 142 1
34 104 5
18 106 6
59 68 2
151 118 1
28 24 3
193 50 4
43 48 7
130 191 5
192 99 9
42 96 2
92 53 2
25 177 5
120 73 9
23 170 9
121 107 1
167 114 1
199 82 8
35 8 2
87 41 5
42 163 10
10 110 1
84 173 10
158 150 5
5 14 2
105 95 10
198 2 2
139 79 6
25 66 7
90 86 8
20 128 5
103 110 4
56 174 7
95 36 9
168 69 7
118 19 1
89 138 1
143 163 9
161 34 1
24 34 4
46 60 6
127 52 7
73 15 8
14 147 4
118 21 7
116 139 9
77 41 3
131 136 7
73 23 1
4 47 7
95 45 7
36 109 7
142 182 1
193 148 4
84 179 1
75 47 9
81 124 8
197 7 4
151 71 1
119 181 6
82 162 3
176 198 2
27 117 1
142 13 2
144 138 4
184 171 8
177 26 4
74 62 9
98 105 4
169 139 2
53 103 7
3 34 4
92 108 5
11 84 5
126 157 4
148 180 6
155 65 6
5 77 1
56 24 2
53 78 10
196 186 10
70 110 6
95 38 6
154 75 1
102 128 5
155 8 4
101 197 1
120 189 7
51 6 3
147 2 1
46 34 7
172 84 3
107 69 5
157 114 2
109 41 8
118 60 7
44 132 10
123 128 1
15 181 9
98 183 10
36 180 10
184 121 2
118 158 8
25 76 8
193 64 3
195 180 4
62 105 6
134 167 9
121 131 6
142 167 10
169 31 8
94 135 8
141 112 4
26 76 8
48 69 6
75 184 10
182 46 8
159 141 9
107 34 4
120 92 3
104 187 6
87 90 7
60 65 9
126 18 1
47 170 4
188 45 2
53 185 6
94 96 1
80 3 1
173 134 3
92 165 3
176 105 4
12 183 2
28 64 5
175 124 8
106 128 4
44 82 8
66 125 10
137 50 2
193 158 10
5 198 3
175 131 8
153 95 6
170 164 8
8 189 7
39 122 3
174 188 6
133 197 5
190 133 7
153 138 3
131 144 10
195 191 6
124 69 4
117 130 3
177 122 7
139 83 7
50 91 2
21 33 9
189 91 6
47 13 9
94 118 7
29 183 4
160 189 1
175 97 3
86 122 4
51 76 2
20 49 3
154 19 10
4 172 7
192 126 6
12 132 7
89 172 9
127 36 8
34 112 6
76 115 4
199 153 2
3 8 3
150 44 3
66 24 2
174 135 10
186 14 10
197 12 6
105 169 1
90 196 2
167 49 10
43 199 4
129 172 6
150 190 10
39 55 3
165 69 3
2 137 4
90 80 5
158 82 4
5 172 6
90 43 1
60 186 5
13 88 7
14 88 6
80 43 8
171 51 7
22 9 9
98 167 9
129 19 2
88 61 5
192 129 4
5 175 4
178 161 10
199 158 7
108 81 9
56 141 8
164 157 4
93 20 1
50 116 8
46 76 9
145 45 9
146 193 4
58 33 7
113 34 1
50 151 4
10 159 9
109 4 2
32 159 6
112 91 4
66 3 2
186 13 5
137 45 10
106 125 6
156 73 7
162 165 7
100 144 1
186 129 2
109 193 3
91 121 4
146 50 9
195 60 1
99 134 8
60 192 7
120 148 8
146 62 1
156 143 10
199 96 8
65 43 4
105 160 2
121 155 4
85 33 6
193 155 2
107 21 9
85 134 3
93 26 6
136 171 9
108 76 6
34 98 3
9 93 3
94 172 7
89 182 10
27 127 7
100 62 1
118 71 7
107 169 7
78 15 6
49 164 7
76 118 3
158 109 10
161 3 10
71 156 8
196 71 5
172 68 4
194 127 8
31 196 10
122 79 8
78 59 9
155 150 8
23 27 6
0 17 10
57 54 10
120 198 6
176 47 2
64 16 2
154 55 8
37 25 7
129 107 8
50 82 5
33 130 3
36 73 9
189 145 9
189 40 2
62 144 4
13 177 9
163 71 2
18 140 1
34 69 4
121 177 2
190 38 3
164 59 6
124 0 4
166 107 6
50 3 10
55 58 3
65 95 8
104 125 8
191 98 9
6 19 6
178 19 8
76 193 9
189 117 4
26 40 7
143 38 5
128 155 3
145 123 8
110 134 10
0 149 2
191 79 3
113 197 1
29 56 4
86 25 6
193 118 4
27 47 10
59 81 5
183 121 10
23 183 1
174 8 6
145 151 1
126 10 6
134 58 6
185 28 7
113 165 8
84 110 9
179 188 10
73 171 9
9 102 3
25 111 3
154 56 4
6 134 9
103 0 9
160 72 7
12 149 9
104 159 7
115 64 9
192 25 5
180 50 6
96 152 3
109 90 9
45 13 2
19 84 10
66 149 5
136 81 1
71 158 5
131 70 10
87 188 7
145 33 6
72 187 8
93 175 4
53 137 7
181 72 10
36 199 4
191 139 5
124 76 1
153 115 5
81 170 9
53 93 4
100 20 5
89 56 4
128 109 7
161 42 10
164 27 3
97 170 8
155 2 8
184 199 9
82 89 4
110 106 3
115 194 3
67 143 9
102 14 2
103 101 1
128 31 4
46 80 10
120 182 2
13 198 3
66 132 6
121 13 2
167 102 5
41 130 4
71 27 5
147 155 6
4 100 5
19 172 9
148 111 1
69 119 3
90 192 4
152 89 5
88 9 5
127 29 9
19 158 7
173 20 6
135 24 8
17 34 4
83 66 2
163 45 5
3 152 8
165 0 1
73 167 9
197 62 4
47 150 2
107 11 2
144 42 2
82 171 1
99 86 8
174 130 10
181 111 2
40 10 10
137 4 8
144 51 6
123 104 9
174 79 5
4 96 8
163 39 10
32 145 2
122 95 8
109 16 10
138 128 2
18 51 4
120 186 7
126 86 6
18 77 4
51 2 2
46 69 5
71 53 2
47 86 1
56 72 3
177 158 5
49 69 9
39 124 9
109 198 9
134 32 8
129 83 1
30 23 7
154 22 3
154 87 3
94 138 10
2 139 7
184 91 9
84 48 5
170 114 2
124 24 9
124 70 9
193 199 7
39 153 7
63 47 8
155 95 3
176 102 8
176 10 5
196 11 7
187 7 2
106 117 2
140 55 10
83 0 1
51 39 10
143 140 9
179 68 7
142 53 5
115 191 2
133 196 6
8 146 3
189 29 9
169 136 5
189 85 7
183 88 1
115 145 7
143 14 8
131 165 7
92 98 4
17 35 7
140 14 1
107 124 2
103 126 7
101 109 6
8 138 8
19 179 5
165 31 6
91 77 6
1 60 4
109 47 8
44 159 2
133 58 1
114 34 10
190 165 6
25 64 5
109 96 3
5 131 4
151 22 3
184 25 2
59 134 7
49 169 4
74 54 9
49 60 7
104 118 6
119 144 3
135 165 1
121 17 6
136 168 2
65 16 5
78 66 6
42 159 1
18 40 5
184 152 5
142 33 9
36 71 7
34 144 8
101 1 8
6 136 4
88 190 2
93 62 5
177 28 3
7 10 5
151 185 4
182 121 9
166 115 8
176 147 1
17 2 10
138 196 4
30 156 8
75 194 8
14 123 5
88 139 9
182 60 6
85 42 7
102 151 6
173 87 5
76 71 5
107 195 6
52 159 8
68 145 1
104 33 10
130 15 3
116 121 3
154 25 4
98 144 2
144 10 3
103 10 8
86 130 9
177 150 6
96 194 3
57 145 10
89 171 9
20 123 4
185 73 3
24 70 3
24 125 1
192 136 1
155 89 8
29 88 2
0 40 3
4 106 6
23 31 5
94 45 6
71 63 10
83 48 5
76 104 9
48 197 4
81 32 9
93 32 7
23 12 3
54 11 9
160 117 8
141 71 7
92 48 5
51 174 1
135 98 5
159 22 6
125 71 8
10 0 6
104 146 7
96 14 7
82 107 4
86 176 8
66 69 6
50 105 6
22 93 3
143 114 7
32 28 8
111 182 8
6 122 4
73 9 6
156 119 1
87 110 1
83 160 4
86 10 9
156 169 3
93 168 1
106 135 2
162 169 2
195 171 7
53 164 7
175 47 8
94 76 5
160 162 3
127 61 6
155 80 7
104 65 8
145 20 10
110 102 8
18 141 6
45 25 4
64 69 8
182 10 2
110 137 9
150 4 2
26 60 1
41 5 3
136 18 2
82 156 10
191 177 2
52 116 7
125 100 8
130 118 2
124 154 6
15 116 10
54 59 2
173 155 7
49 102 10
14 41 2
4 82 4
73 17 10
15 141 1
90 113 3
96 60 3
103 182 8
130 47 4
73 35 9
100 79 6
173 64 3
132 191 8
142 161 2
156 183 9
176 80 3
58 35 7
153 83 6
30 181 7
133 33 4
178 51 1
32 65 6
179 107 5
35 160 4
153 184 7
75 174 4
108 127 7
15 136 8
132 45 2
57 181 7
71 199 1
177 131 2
197 135 10
92 27 6
16 6 4
168 158 9
113 158 10
51 163 9
32 198 1
115 112 2
54 149 7
0 126 6
17 75 9
97 31 10
164 194 7
121 49 1
90 52 5
40 12 3
52 112 9
31 106 9
75 190 5
25 98 9
79 147 2
67 17 10
109 14 8
55 93 7
176 135 3
52 175 10
14 69 8
119 196 10
153 32 6
113 191 4
139 160 3
109 93 2
154 16 10
2 78 5
146 98 10
23 189 9
104 36 7
121 180 4
157 159 10
97 53 10
28 7 10
51 187 2
100 172 10
91 8 1
100 65 4
184 157 7
71 0 6
127 131 7
138 68 10
83 161 7
123 158 6
18 38 1
70 162 9
75 195 1
149 76 1
175 155 7
97 93 9
176 106 4
175 136 7
89 16 2
46 10 8
50 148 1
137 73 6
172 17 2
16 90 2
168 61 7
117 103 8
14 42 7
99 6 8
71 69 3
98 145 2
57 138 4
128 30 7
147 135 4
60 50 3
22 16 8
14 93 4
119 104 4
172 127 9
85 19 1
24 153 3
196 25 1
116 76 5
82 73 3
112 51 3
157 179 7
132 193 2
83 175 9
56 99 4
107 64 4
7 97 3
101 185 1
41 24 3
71 181 2
1 142 5
125 42 10
92 65 6
147 72 1
199 131 8
113 30 6
97 32 5
132 39 1
78 177 7
61 176 9
147 9 6
151 164 4
54 63 9
155 84 5
74 154 2
11 19 1
154 122 3
137 38 10
153 180 5
27 129 6
53 20 1
118 137 7
123 21 5
105 153 7
41 190 10
157 155 4
57 92 6
196 3 4
121 33 1
74 86 6
36 23 7
105 96 5
13 21 10
90 163 5
98 176 8
169 81 2
27 86 2
98 159 3
97 115 5
132 169 1
44 127 5
164 140 2
145 120 6
195 69 4
10 81 6
117 88 6
135 61 4
112 94 9
34 189 5
174 108 1
9 195 5
25 97 2
144 189 9
191 58 2
148 123 9
179 69 4
6 94 5
145 176 7
4 32 4
31 39 7
40 143 8
159 87 7
166 61 2
14 197 8
1 120 7
78 123 5
137 180 2
133 63 3
158 2 5
87 38 8
96 51 9
198 85 1
9 187 8
13 65 5
20 94 9
67 135 6
113 28 9
175 147 1
11 140 5
3 156 5
139 193 6
148 64 7
54 9 1
83 20 9
40 107 7
12 77 10
18 182 4
38 69 3
14 199 6
184 140 3
136 37 4
90 157 6
158 8 8
36 168 10
123 156 9
124 174 9
6 193 1
180 89 2
61 23 2
139 149 3
75 85 8
30 127 10
129 17 8
171 190 1
178 65 5
108 59 6
76 183 3
7 184 2
41 123 7
165 50 6
146 6 2
55 35 2
149 130 10
147 124 6
12 108 10
107 67 10
97 64 6
16 13 3
40 159 10
26 91 1
55 152 9
186 94 8
128 195 6
37 152 3
34 179 7
16 176 6
105 88 6
128 176 2
183 175 9
4 99 8
188 44 5
158 146 1
193 100 1
34 25 9
39 41 4
171 48 10
131 90 5
189 165 5
96 11 9
161 97 7
9 39 9
120 0 10
26 14 3
23 137 9
54 3 1
196 56 8
10 152 9
3 16 2
50 71 5
74 129 2
88 160 9
79 114 6
59 157 9
99 168 1
114 15 5
186 20 5
170 94 4
117 59 3
16 156 3
128 125 2
165 112 9
110 163 5
117 186 6
143 196 9
184 55 5
162 131 1
180 87 9
127 156 1
83 172 5
130 139 4
19 104 4
11 6 3
26 150 9
183 3 3
107 61 5
153 34 8
29 146 2
179 32 2
111 149 9
164 188 10
65 190 5
45 84 9
169 181 10
16 126 10
8 79 8
194 148 1
101 25 2
96 6 2
170 42 6
137 139 2
106 187 4
151 13 3
46 107 5
126 8 2
173 127 2
14 91 6
123 138 4
61 40 9
158 39 10
86 163 9
39 131 4
131 66 5
14 136 7
167 35 5
117 32 2
167 83 5
30 90 10
128 52 3
144 178 7
12 139 9
112 198 2
173 97 4
112 142 9
150 11 5
118 178 6
32 40 1
11 88 1
196 183 5
24 101 7
62 11 7
55 102 7
21 129 6
62 55 8
160 114 3
194 16 7
128 0 3
112 20 4
44 24 3
151 48 4
141 138 7
129 55 9
147 20 10
120 90 6
118 50 8
88 5 6
89 125 4
121 187 4
74 65 10
92 168 2
11 187 6
129 190 8
173 157 6
107 180 1
0 150 9
103 138 10
58 69 5
29 187 6
151 113 4
174 100 2
176 7 10
40 193 4
146 138 6
198 100 2
112 187 10
77 81 6
98 39 4
49 183 1
47 157 5
138 85 5
39 125 6
118 78 9
0 82 2
196 111 4
35 0 3
174 199 6
40 2 2
67 136 9
147 151 3
142 27 1
102 177 1
123 165 9
123 26 5
188 61 5
196 144 5
170 112 7
157 104 7
185 41 1
101 136 5
156 170 3
51 45 5
149 63 5
92 181 1
182 14 1
17 182 1
122 167 10
19 194 4
45 102 2
42 149 1
64 57 6
16 83 4
17 53 8
61 75 10
87 47 1
77 43 6
119 21 1
163 27 5
5 28 8
179 44 1
142 158 7
183 77 10
90 164 7
9 161 8
114 119 2
44 1 2
61 86 9
21 91 1
50 22 8
58 102 7
37 195 3
27 188 10
35 126 10
33 36 7
64 183 4
17 122 8
182 95 10
136 93 4
123 151 3
173 108 2
111 87 6
122 136 7
48 86 7
57 195 2
101 11 9
29 19 9
42 153 10
17 159 3
159 43 2
59 130 4
24 16 9
49 158 2
178 90 6
171 105 8
99 162 1
14 52 4
118 93 7
153 96 7
168 176 1
89 177 4
122 141 6
131 35 7
170 103 3
134 123 3
119 7 6
119 137 4
198 17 6
164 120 10
27 54 5
191 61 5
126 144 1
110 191 4
136 28 10
42 114 3
177 14 1
162 85 2
148 165 9
53 120 4
38 147 6
173 90 4
163 36 2
168 86 9
170 159 6
120 66 6
102 28 1
109 80 7
184 94 9
187 164 4
52 191 9
191 67 9
91 82 2
171 77 4
108 141 1
44 25 4
48 161 6
20 148 7
102 135 6
46 144 1
26 101 8
189 185 3
97 125 4
55 166 9
110 126 1
159 122 9
88 135 4
176 93 3
108 39 2
31 193 4
12 42 10
111 183 3
9 134 10
126 112 8
136 198 10
105 91 4
158 69 7
156 161 10
91 73 6
78 64 3
79 151 10
110 185 6
82 93 2
37 194 10
18 66 8
34 79 3
114 96 7
39 34 7
146 191 9
192 139 7
193 120 1
116 27 9
117 6 5
140 185 10
27 106 3
189 13 4
191 121 6
113 88 6
190 46 7
16 195 7
128 54 7
122 125 1
143 185 10
112 6 4
121 4 3
158 147 4
12 14 6
137 98 4
76 88 10
116 176 10
68 0 10
40 126 9
78 17 4
76 138 5
23 11 1
0 147 6
31 63 2
44 187 10
17 187 10
52 186 7
196 64 2
93 140 10
147 92 9
113 140 1
24 131 10
178 86 3
173 121 4
17 137 5
124 168 3
8 20 5
18 168 1
37 125 4
143 13 10
3 148 4
125 115 5
121 63 2
39 43 8
169 138 2
127 70 4
154 197 5
9 156 10
80 144 1
151 54 9
198 140 7
118 147 3
175 180 7
152 50 7
101 133 3
18 21 8
49 188 9
146 108 5
50 175 2
57 15 3
5 35 7
44 126 4
146 144 8
76 3 2
59 145 4
25 91 10
83 98 4
47 155 7
65 103 6
179 141 4
126 143 4
163 41 8
158 171 9
40 112 2
129 102 6
133 185 4
190 110 9
150 45 2
193 24 7
25 150 2
52 192 1
89 49 10
20 197 2
199 171 4
78 104 3
189 134 10
154 32 5
183 71 2
110 0 10
103 4 10
142 93 7
119 79 2
184 197 8
73 46 7
28 159 1
2 100 1
113 102 5
78 20 4
197 158 9
34 193 3
136 87 7
96 41 10
22 191 1
199 118 3
49 140 5
17 52 7
197 82 1
108 31 1
92 3 3
9 67 10
29 10 1
188 60 4
144 187 4
198 62 4
154 185 7
6 154 3
184 43 7
189 65 10
83 36 9
123 3 3
127 20 9
109 116 6
24 166 10
20 72 1
108 170 5
104 163 4
146 174 5
117 191 5
91 59 10
117 47 4
149 156 4
28 125 5
121 153 3
29 3 2
31 149 1
135 162 10
119 53 1
180 84 1
2 122 9
13 146 2
67 64 7
12 165 6
25 43 9
171 167 4
105 146 8
38 164 8
73 187 5
21 81 5
131 13 5
154 39 10
14 184 5
5 9 4
115 21 10
1 28 8
174 93 9
106 90 2
135 196 7
19 57 4
29 53 6
5 71 4
186 44 4
183 91 8
135 183 1
91 49 7
93 182 9
197 153 9
162 172 4
0 95 7
26 172 1
149 2 8
96 137 2
88 2 5
75 123 6
144 174 7
138 45 9
107 45 1
181 0 4
155 6 8
67 194 7
72 145 5
114 38 5
17 163 10
178 59 9
119 197 8
131 119 7
191 179 7
146 112 1
81 172 5
18 39 2
60 149 9
133 166 10
146 161 4
54 168 5
113 85 4
175 67 1
37 165 2
58 198 8
20 32 7
35 140 8
101 120 1
49 13 4
105 128 7
28 114 9
164 58 10
20 165 3
14 119 8
127 139 4
56 81 6
96 141 10
81 6 1
130 46 4
37 103 8
179 125 5
67 41 7
192 27 2
175 4 9
30 114 8
95 162 1
175 120 1
179 46 5
180 163 7
104 155 8
192 5 10
46 156 6
2 19 10
49 88 10
99 125 9
111 89 4
187 152 2
24 152 9
61 148 8
12 98 9
132 95 8
101 94 5
17 97 2
65 198 7
174 128 6
28 189 10
120 72 8
6 75 10
165 52 5
15 21 7
71 64 5
85 147 3
156 167 8
69 9 5
42 167 8
179 143 9
182 149 1
50 132 9
102 5 2
31 27 3
44 62 5
143 193 5
2 109 6
178 43 3
199 7 9
101 86 4
98 81 4
80 198 9
22 6 7
32 46 10
96 145 1
120 55 1
130 39 4
51 160 9
165 39 6
49 108 6
185 190 5
124 132 10
193 29 5
47 180 6
69 103 9
166 3 7
20 188 7
0 94 5
75 78 5
144 154 4
85 158 7
142 98 10
129 122 4
134 121 10
25 30 5
59 46 9
11 178 5
170 165 5
93 2 7
51 140 9
2 180 7
153 134 2
81 92 6
60 115 5
54 135 3
132 38 10
144 66 3
142 96 8
197 102 3
199 100 5
64 4 9
31 85 9
139 145 3
11 41 10
175 151 4
161 45 8
112 17 5
17 68 9
75 58 6
139 174 6
188 96 8
137 7 6
139 32 3
86 177 4
50 7 7
122 38 6
157 74 2
71 137 5
91 108 8
192 14 3
112 160 4
175 149 8
59 13 1
48 33 2
54 150 7
71 189 9
146 99 4
95 170 10
18 35 6
91 133 6
151 140 9
16 49 5
65 47 8
160 195 2
6 133 5
122 61 6
20 149 4
25 119 9
110 2 2
65 159 5
65 110 3
155 87 8
19 152 1
160 17 8
159 109 1
28 129 6
50 94 9
132 118 9
50 130 8
101 23 7
66 46 7
148 57 5
168 55 1
18 69 6
167 47 2
27 126 5
99 13 1
167 163 5
80 138 8
66 11 8
83 29 2
78 80 7
186 88 2
108 130 2
80 20 9
188 62 10
139 105 8
169 185 8
195 36 2
85 17 7
30 155 9
89 24 6
82 189 1
183 148 4
17 40 10
95 149 1
38 139 4
63 104 10
103 23 7
74 25 5
79 189 6
33 124 6
24 102 5
139 89 3
54 97 3
45 42 3
34 55 6
110 167 9
38 2 1
197 88 9
155 70 6
172 69 9
161 93 9
1 144 4
62 148 6
74 83 3
23 58 9
116 18 2
175 19 9
56 151 10
34 23 8
90 169 3
32 100 2
132 114 4
153 169 5
107 37 7
107 3 10
155 189 4
11 73 8
16 7 9
169 157 5
6 61 4
40 160 8
68 50 5
62 191 4
154 84 6
29 132 9
61 87 9
196 83 9
68 86 9
22 92 2
86 196 2
13 72 2
179 114 7
127 59 3
188 30 9
18 34 1
50 10 4
191 186 9
14 6 5
1 45 1
172 58 7
108 178 9
70 51 4
107 185 7
179 155 7
135 52 3
164 43 4
42 63 9
188 138 2
80 103 7
53 167 8
118 174 9
68 21 10
183 105 7
132 155 5
91 62 7
117 181 1
60 194 7
148 156 5
54 185 9
72 30 5
149 47 10
59 85 8
107 163 8
103 42 4
58 145 6
38 199 9
146 132 7
107 102 1
74 91 2
186 8 5
61 161 4
78 156 4
7 177 8
51 77 9
176 179 1
139 195 1
43 128 6
16 58 7
115 110 6
70 44 1
12 74 3
163 133 4
130 166 4
150 49 7
123 90 4
105 42 6
8 163 4
193 179 9
103 94 9
58 107 3
69 105 3
51 29 3
93 159 1
88 130 8
14 98 7
56 105 7
58 111 4
24 90 8
184 146 9
116 9 10
88 145 1
183 181 9
180 189 1
135 127 10
109 180 3
42 53 4
52 103 9
141 129 4
127 187 3
21 71 10
152 31 3
37 173 10
28 108 4
143 169 6
49 28 9
58 126 8
170 70 2
136 99 10
168 126 9
86 183 6
18 28 6
105 145 4
56 104 4
94 86 8
159 84 8
76 8 8
26 104 3
11 55 3
177 17 8
5 199 4
158 25 4
77 120 5
162 136 5
125 90 1
162 190 5
170 86 6
157 127 8
161 110 3
143 96 10
191 53 6
46 163 5
186 86 2
111 114 9
89 57 9
144 135 7
9 44 10
38 131 3
57 22 3
199 68 9
113 52 8
102 115 7
30 83 8
172 109 7
161 100 7
14 138 2
138 129 6
90 144 10
113 145 4
75 71 10
138 184 2
97 157 6
27 121 1
82 54 2
40 167 6
138 181 10
137 168 2
147 10 2
48 66 7
137 9 1
132 129 9
99 25 2
42 44 2
78 131 2
163 171 3
52 6 8
176 153 6
85 148 9
50 196 9
178 189 2
170 143 4
63 13 5
58 19 9
153 190 10
90 21 4
36 22 6
192 94 9
101 9 2
85 7 4
109 111 10
151 42 7
64 105 6
166 139 5
9 142 7
10 162 3
58 139 8
51 93 9
123 184 1
36 81 1
92 183 8
102 137 1
141 194 6
18 76 2
22 115 4
19 143 1
143 93 4
165 168 5
145 180 8
129 24 6
150 78 7
85 29 3
66 189 5
83 42 2
126 147 9
89 128 1
122 63 8
165 56 10
147 64 4
180 114 3
124 77 8
183 2 10
187 163 4
9 183 3
189 187 1
16 69 6
147 152 2
90 197 4
96 183 1
140 98 6
99 163 2
183 87 8
19 69 9
186 15 10
21 180 4
112 35 8
100 165 7
26 57 3
115 92 8
167 111 7
66 128 6
113 182 2
49 196 9
106 25 9
108 111 8
87 11 3
149 189 2
26 113 7
173 146 10
79 36 8
105 186 8
6 128 10
126 186 1
181 94 5
43 147 4
94 123 7
44 152 9
165 136 7
15 5 8
12 148 4
55 59 5
108 40 9
198 7 9
19 164 10
28 118 1
146 0 5
126 63 4
29 12 5
3 24 6
88 17 3
196 157 2
181 141 1
69 117 5
184 82 2
120 136 5
1 23 6
68 52 2
44 55 2
87 104 10
80 148 7
119 167 7
89 98 6
187 194 3
128 80 3
66 163 9
21 124 5
180 44 5
33 163 1
131 174 3
8 61 10
100 51 2
179 40 5
98 85 9
40 83 6
14 149 5
44 137 9
110 131 6
173 15 2
181 55 9
62 150 8
44 81 2
20 179 1
15 19 7
70 43 10
104 10 5
143 195 5
114 80 9
199 156 2
95 82 5
118 3 10
55 60 7
196 46 1
11 124 5
117 125 5
126 1 10
143 120 9
166 65 1
173 158 3
155 27 2
9 20 10
77 182 2
62 113 5
19 173 9
39 180 3
101 150 8
148 49 8
42 76 8
75 169 6
160 49 2
66 64 4
6 67 2
66 152 3
186 43 4
159 143 1
30 101 10
156 176 5
157 32 4
138 17 3
4 199 5
137 5 2
44 118 9
157 30 6
17 7 3
36 96 2
15 179 10
82 25 8
148 114 5
36 24 8
154 68 10
146 82 3
196 191 4
93 40 5
62 5 3
117 76 4
158 90 5
136 38 3
118 26 2
59 116 4
94 19 10
133 127 8
15 69 1
168 38 4
164 2 2
49 182 7
5 64 1
128 116 6
62 70 1
175 137 4
42 95 3
126 94 2
40 133 10
191 31 8
43 182 7
143 34 1
107 94 9
36 108 8
63 41 4
55 161 4
16 4 4
19 52 5
2 187 8
119 66 7
113 161 5
24 77 9
12 7 6
35 100 9
142 115 1
73 117 6
187 134 4
75 116 4
177 51 2
13 147 6
93 7 10
80 45 8
27 61 6
72 174 6
91 190 4
28 35 5
56 0 6
117 131 5
119 86 5
182 175 4
3 39 7
99 153 6
132 177 3
19 123 1
92 143 8
86 188 5
54 131 3
130 6 10
3 168 6
20 176 5
7 44 4
119 185 1
124 113 8
139 97 1
11 94 8
18 176 10
141 126 2
81 111 5
25 117 5
135 149 7
33 102 9
149 70 7
21 170 4
3 41 6
116 11 9
100 139 9
197 106 2
8 81 2
148 23 1
109 104 3
124 137 3
79 197 4
121 30 10
60 173 5
60 159 7
92 11 2
130 199 6
15 159 9
192 189 8
28 150 2
161 152 3
128 17 9
75 19 10
94 31 1
146 109 9
49 179 2
146 93 1
60 163 4
60 114 9
173 151 6
108 10 10
46 129 5
154 94 3
169 51 6
35 146 7
184 6 7
27 182 7
192 64 10
108 21 6
132 182 5
75 88 1
75 98 7
149 119 4
30 142 6
163 87 6
189 7 4
137 33 6
5 50 2
183 125 6
26 98 5
147 70 3
59 63 10
76 129 9
91 70 4
28 133 6
172 37 8
146 32 6
45 176 3
23 46 7
151 166 5
198 135 6
94 194 9
199 139 10
6 0 8
53 171 1
178 143 10
143 41 9
110 29 7
143 155 1
55 105 6
144 190 5
105 141 10
138 135 8
50 69 7
162 47 2
72 151 8
110 187 5
164 24 3
168 119 10
194 112 3
173 159 7
15 194 3
100 84 2
90 134 7
176 195 10
37 105 9
65 21 5
181 59 2
114 43 7
104 70 8
65 94 10
181 146 10
114 192 5
173 53 4
17 29 9
8 40 8
62 57 9
117 124 2
4 10 7
132 94 7
171 159 1
184 92 8
184 15 2
118 140 9
185 123 8
143 85 4
128 177 5
162 46 1
33 149 3
121 15 6
91 53 7
9 27 1
6 91 7
183 20 4
152 163 3
8 119 1
168 75 8
2 42 5
174 0 9
158 183 1
67 78 1
35 198 4
192 135 8
193 15 6
81 120 6
126 130 6
37 56 2
191 14 10
199 15 6
53 198 6
121 29 6
60 85 8
115 39 9
22 49 6
164 32 7
69 99 5
116 110 8
62 101 6
73 196 10
42 134 4
141 61 1
162 1 7
121 68 2
65 11 7
145 35 4
155 103 2
164 131 5
130 58 10
129 148 10
78 7 1
137 15 10
194 159 5
172 106 9
94 197 8
139 65 1
96 147 5
105 28 4
28 106 3
90 153 1
97 42 9
53 28 6
8 131 7
90 26 10
186 178 5
36 45 9
171 52 2
61 51 4
44 2 1
49 15 5
27 103 9
128 59 7
93 47 2
1 18 3
10 91 10
58 153 4
86 112 5
179 37 8
59 19 5
23 86 9
134 183 2
107 137 9
123 44 3
102 100 7
86 138 9
19 168 8
106 42 5
92 137 4
33 170 3
144 2 7
102 180 1
94 87 6
74 36 1
64 101 1
151 63 9
27 13 6
192 177 6
188 36 8
148 21 8
50 125 6
1 168 3
9 126 6
60 100 5
116 125 6
120 26 3
23 195 2
42 187 4
140 106 7
81 153 9
165 134 7
55 135 1
63 51 4
170 68 6
62 155 1
176 113 3
113 96 9
38 111 5
64 51 5
16 18 1
130 71 2
79 56 8
136 86 4
134 24 7
70 96 6
46 31 8
142 7 9
47 80 5
117 57 1
149 121 2
94 193 2
185 121 10
169 149 1
40 88 4
156 99 2
181 102 4
31 29 3
89 178 3
6 153 1
46 16 3
110 153 7
86 103 7
51 97 3
165 120 10
27 102 3
89 187 8
94 177 3
85 32 5
84 126 7
192 8 10
22 100 10
74 31 1
29 44 1
44 94 8
139 115 4
81 27 6
15 175 6
38 11 8
87 135 3
102 87 7
25 187 5
11 37 9
111 176 1
78 57 8
189 197 3
40 35 2
35 1 3
146 88 10
99 106 6
83 25 6
56 179 7
56 42 9
110 128 9
96 126 8
38 82 3
114 108 6
142 10 4
156 89 7
81 55 9
183 194 7
168 29 2
154 133 2
31 96 8
141 4 6
77 71 10
133 112 4
78 41 9
71 87 10
58 104 2
27 183 4
83 173 3
155 191 1
138 34 5
81 196 2
10 119 4
103 164 7
40 86 1
148 33 8
171 175 7
167 37 2
162 75 9
119 35 1
189 116 3
188 122 8
51 16 7
47 140 5
73 79 2
1 160 9
184 163 1
157 199 10
127 120 2
6 151 5
104 148 3
50 150 9
138 51 1
12 124 6
198 171 3
158 116 8
29 73 5
64 3 10
33 57 9
107 161 5
65 163 3
101 34 5
116 96 9
6 147 5
101 118 6
146 66 5
3 89 2
117 18 7
78 95 9
82 100 9
36 55 5
155 106 7
94 199 9
39 32 1
130 178 4
142 17 7
94 42 1
48 78 6
156 87 8
41 179 7
7 32 7
84 193 7
8 111 7
20 131 1
72 165 10
154 83 7
196 9 6
129 163 5
11 152 5
175 116 10
173 118 7
104 48 7
76 52 4
162 77 9
138 3 2
121 86 10
137 74 6
131 137 4
197 1 5
180 126 1
74 159 5
85 94 3
113 170 2
89 192 5
20 190 5
117 79 7
154 38 7
22 52 8
138 131 8
62 138 2
67 49 1
62 136 1
12 147 3
38 121 9
100 151 9
57 71 1
199 161 8
130 187 5
117 173 5
182 31 8
48 93 2
25 57 1
135 105 6
133 181 1
141 90 6
131 99 5
7 148 2
153 66 7
33 51 4
3 42 3
22 90 8
143 133 7
50 11 6
97 37 10
14 101 10
199 52 10
129 37 8
134 8 4
83 186 4
154 128 4
25 178 7
38 57 3
5 160 10
51 104 3
4 193 6
145 184 3
102 118 10
165 138 6
92 135 10
116 93 1
59 197 3
104 194 3
118 150 6
134 2 7
21 152 8
2 13 4
18 79 5
3 105 1
188 21 8
197 72 6
199 144 10
132 190 7
152 39 8
167 9 1
194 161 9
171 117 5
11 120 5
142 74 5
114 25 7
39 157 1
199 110 4
59 158 8
34 191 3
178 83 2
69 111 5
47 108 7
163 188 5
84 102 10
108 116 4
15 115 10
118 113 4
75 79 1
154 158 9
179 21 2
14 165 1
90 20 9
94 48 7
185 84 4
3 57 1
176 178 10
105 195 6
110 159 10
6 29 3
11 33 10
115 123 1
161 79 1
38 184 7
43 105 7
68 102 5
94 183 5
102 8 10
186 112 7
178 156 8
138 41 3
114 75 9
138 130 8
110 198 4
138 4 5
112 190 6
157 119 3
53 180 9
132 42 8
56 84 5
180 22 10
80 75 5
30 37 7
157 121 9
83 164 10
199 159 8
134 35 6
6 93 7
33 123 6
96 61 1
54 96 7
21 103 7
77 116 8
118 2 2
115 152 7
149 102 4
109 87 1
44 161 5
16 39 8
76 45 8
19 72 1
22 144 3
79 57 1
32 158 7
76 172 8
199 0 7
118 171 8
164 100 9
166 131 3
198 18 3
178 24 9
4 123 7
158 161 6
60 84 5
158 166 8
105 118 3
134 84 6
50 153 2
197 61 2
157 48 4
125 196 2
81 154 5
35 139 3
74 49 7
96 155 2
100 159 3
61 91 8
10 111 3
109 177 10
76 38 10
195 3 5
49 186 4
87 178 10
164 74 5
46 74 8
12 135 1
99 64 5
182 155 10
13 136 3
198 59 8
131 10 10
189 126 10
68 162 9
47 137 9
132 162 7
128 96 3
196 109 7
74 68 2
149 199 8
171 43 1
21 145 1
97 156 5
140 145 5
193 102 2
178 162 9
48 138 1
71 124 2
122 153 9
157 186 2
150 69 4
99 122 6
167 56 10
194 144 3
118 134 1
114 5 1
159 169 2
1 4 8
181 185 6
159 172 4
40 174 7
73 16 3
144 151 10
75 103 10
189 173 1
186 46 2
27 169 3
170 80 7
171 1 8
80 57 1
109 30 1
142 86 10
26 100 8
93 50 10
196 168 1
148 2 5
182 41 1
115 25 10
8 129 4
5 151 8
13 190 3
24 6 5
173 190 9
163 195 1
184 34 7
125 23 10
32 138 1
77 53 6
90 3 1
125 31 5
192 30 5
0 42 8
72 167 2
189 127 1
57 137 8
103 62 1
131 30 3
199 59 6
104 31 3
90 154 8
12 171 4
95 77 9
143 63 7
42 176 8
13 64 9
29 196 3
72 156 10
175 196 7
47 72 9
185 129 10
149 77 7
155 184 7
149 103 2
61 84 8
75 12 4
113 143 3
116 16 7
185 87 7
156 188 8
88 143 5
148 42 2
37 64 5
118 37 3
69 182 10
165 47 1
75 69 4
68 98 10
22 13 5
122 105 7
150 136 7
162 188 5
71 190 9
1 140 1
173 85 7
22 112 8
89 4 6
28 57 5
90 135 9
172 15 9
102 119 5
19 9 3
121 158 4
126 122 1
149 59 2
7 121 6
147 3 10
25 110 3
170 119 2
84 76 3
130 32 3
68 108 7
151 89 10
190 108 7
180 58 10
166 77 8
109 199 7
100 85 7
176 31 1
193 87 1
99 58 7
44 107 9
159 131 1
18 157 2
163 0 7
27 196 4
158 133 5
12 188 1
163 5 4
133 141 1
46 3 10
110 130 10
26 169 9
67 164 6
113 122 1
59 135 10
191 89 6
134 26 7
88 176 6
137 143 10
107 53 2
99 55 8
21 182 4
144 182 5
65 68 5
169 59 4
186 78 1
64 29 6
94 79 3
181 177 10
172 130 9
85 169 4
147 190 5
152 2 7
86 20 9
98 107 4
77 194 7
183 10 10
171 132 7
167 160 4
62 60 4
75 112 3
144 35 1
142 79 2
160 87 7
64 152 1
92 123 6
40 101 10
4 39 4
34 131 9
60 175 10
158 175 3
125 135 6
1 106 10
170 34 10
9 42 5
160 10 6
179 36 3
197 26 6
163 82 9
45 100 3
21 106 4
49 65 8
164 173 10
11 144 4
43 104 1
60 75 7
160 24 7
63 178 7
20 2 8
24 54 9
52 12 7
33 47 5
172 6 5
130 27 3
52 67 1
21 121 6
55 141 1
70 180 8
103 195 7
155 34 10
30 132 7
18 129 6
194 81 1
174 62 4
180 63 4
93 64 10
130 161 10
187 80 9
121 143 5
15 44 5
156 81 4
82 149 9
49 42 1
155 124 4
94 43 5
119 166 9
32 96 2
23 25 5
99 10 7
15 53 5
190 161 10
175 70 6
97 27 6
92 176 1
191 82 4
50 88 4
11 51 3
19 139 7
63 114 9
2 172 10
23 16 5
133 7 7
0 113 1
194 63 3
141 146 6
42 77 6
109 182 9
17 47 3
19 110 7
111 156 7
5 140 9
173 73 7
69 130 4
21 136 1
61 5 5
166 37 4
35 176 8
138 168 7
156 163 2
189 53 10
71 122 8
100 104 4
126 92 9
135 169 1
170 107 7
83 17 9
107 103 4
170 30 9
60 197 9
106 75 5
22 47 4
161 4 9
47 62 9
4 84 6
121 111 3
155 15 9
128 168 3
68 20 4
166 126 2
196 139 7
114 64 4
75 177 9
1 121 1
172 123 9
59 195 6
59 40 3
185 168 9
6 179 9
105 61 2
34 192 7
132 106 3
28 169 6
194 44 5
15 2 10
57 163 9
53 5 8
96 110 7
17 87 1
153 45 7
61 73 8
102 143 3
71 188 9
129 155 3
167 84 8
65 150 9
94 146 1
73 85 6
175 38 4
56 71 3
17 79 3
185 8 9
92 89 8
194 131 7
42 173 6
145 156 6
53 177 10
14 104 5
22 185 2
147 193 7
11 118 8
15 174 9
174 19 7
160 187 10
157 149 10
128 46 9
153 80 5
63 182 3
85 88 8
157 178 10
106 158 3
189 49 2
189 130 10
163 177 5
134 171 7
49 112 7
8 86 4
27 59 6
59 48 4
23 35 5
69 79 6
66 192 4
166 90 10
8 63 7
149 44 4
16 84 7
33 189 6
185 196 1
108 186 3
154 1 1
68 9 2
134 101 4
17 115 8
26 139 1
101 139 6
138 162 3
25 78 8
70 18 9
156 124 4
164 192 2
173 133 1
22 84 8
133 142 9
81 168 10
119 30 7
37 163 7
28 77 9
62 127 8
144 37 10
83 12 8
60 103 6
96 162 4
26 42 1
135 186 10
43 9 7
192 113 4
36 2 2
29 179 1
32 71 3
52 119 1
35 94 9
177 41 10
78 46 3
36 185 10
139 75 6
52 99 9
95 139 8
135 22 2
55 174 1
92 116 8
109 174 10
132 35 7
127 31 6
153 31 1
135 157 4
2 84 2
28 196 8
27 95 4
98 116 5
193 12 2
47 76 2
134 163 9
49 39 2
190 198 4
137 19 3
109 79 4
43 112 4
151 3 4
55 109 8
49 100 4
21 147 6
12 15 4
145 16 5
170 83 1
105 172 2
198 15 2
7 76 10
16 188 9
91 5 4
121 54 8
170 15 6
191 12 9
56 109 8
177 79 9
113 74 7
164 31 7
7 15 7
121 67 1
83 188 3
94 158 1
163 101 9
148 164 8
83 107 1
157 53 6
144 152 5
144 184 2
107 147 8
81 7 7
91 155 3
104 176 6
82 77 7
105 44 8
32 148 4
96 44 10
75 143 7
194 36 1
71 93 4
121 50 2
37 12 4
81 84 2
186 132 2
65 39 4
31 15 2
171 104 3
22 105 9
172 111 5
106 19 9
75 175 5
48 113 7
64 121 5
132 192 8
95 87 5
2 47 1
144 25 3
126 42 4
140 148 7
96 46 2
176 127 9
125 121 5
182 117 6
135 84 5
28 162 2
56 66 8
188 140 6
59 89 5
148 14 7
161 181 2
160 120 10
35 166 7
141 2 6
1 8 7
16 137 8
25 109 2
196 76 10
173 12 6
21 146 9
174 92 5
45 173 2
197 157 9
74 160 8
55 22 6
21 97 7
58 155 1
80 159 8
96 124 8
104 169 1
161 82 10
131 48 7
154 193 3
85 28 6
103 153 1
113 15 1
128 10 9
130 162 5
32 94 4
107 144 4
17 21 6
67 73 1
95 90 10
174 52 9
89 109 10
197 38 10
163 128 1
151 111 4
78 143 4
25 11 10
164 6 1
193 184 6
103 176 5
121 31 8
142 180 8
128 26 8
91 86 7
164 109 4
98 112 7
148 119 9
34 167 10
10 70 6
33 40 4
1 112 6
195 55 7
28 171 9
13 184 8
67 26 4
16 160 8
41 125 10
31 118 3
192 98 2
92 100 4
40 139 4
5 165 8
80 98 2
168 66 8
199 77 3
139 158 1
168 130 3
196 122 9
11 121 10
194 150 2
29 5 10
36 152 10
176 32 6
62 28 10
11 169 8
36 84 6
131 1 4
124 46 4
76 43 10
162 186 9
19 81 2
134 179 2
139 113 10
61 163 9
92 49 1
38 68 5
138 107 10
91 145 6
110 169 4
180 160 5
29 27 8
89 74 5
196 12 6
14 37 5
130 127 4
99 36 7
167 57 3
41 195 6
15 146 6
103 83 3
184 194 5
113 67 2
83 115 5
69 91 1
24 194 6
87 121 9
133 176 9
114 174 2
88 55 10
194 190 5
151 120 2
153 144 9
129 31 8
63 107 8
193 7 6
80 52 8
20 164 5
83 27 1
171 18 9
137 111 3
182 126 10
149 67 3
142 26 7
13 6 2
73 41 5
64 124 7
38 144 2
164 181 8
29 158 3
148 141 10
111 105 6
19 64 9
90 183 5
153 130 7
11 137 1
101 85 4
36 154 3
94 119 6
33 71 8
95 32 3
113 185 1
13 153 4
134 80 10
84 116 2
32 171 7
85 68 8
174 147 4
63 89 4
72 112 3
132 175 6
127 91 2
82 22 4
26 196 5
157 115 10
14 139 4
30 189 7
100 186 9
26 154 10
151 86 7
53 35 2
155 110 5
88 164 5
30 73 6
165 87 6
96 108 5
118 114 2
15 65 6
27 178 2
156 154 7
56 15 8
70 125 8
161 75 8
3 180 8
132 98 10
173 126 3
148 153 8
113 44 5
190 136 9
96 21 6
109 171 4
4 41 1
71 80 2
10 132 2
14 173 7
174 151 2
152 155 3
184 107 6
180 198 1
39 45 5
102 23 5
6 118 3
0 102 6
41 176 1
183 168 4
35 32 7
184 196 4
144 5 5
8 176 1
65 27 6
35 33 3
30 199 6
7 1 4
96 177 8
85 142 8
42 90 9
161 168 8
5 190 1
129 160 8
165 10 5
168 134 3
156 151 5
188 6 4
84 129 7
87 124 1
146 44 10
134 124 5
56 87 3
177 140 1
40 96 6
98 108 10
195 144 1
115 58 3
182 129 4
192 175 5
128 136 2
151 34 4
143 91 4
98 15 9
114 194 9
148 89 2
182 24 8
37 151 5
24 9 10
55 149 8
181 42 9
115 144 4
57 49 1
162 118 2
36 184 1
126 71 4
112 14 9
166 58 4
53 197 4
54 79 4
120 75 8
98 20 9
170 123 4
19 159 2
13 15 9
122 103 1
141 29 4
93 91 7
44 50 1
2 120 8
35 157 10
123 191 3
84 121 6
104 172 8
141 183 9
18 2 1
81 57 7
30 44 4
189 3 9
46 117 3
112 127 7
94 5 4
95 100 9
79 193 2
23 146 5
129 1 10
153 74 3
59 15 4
157 31 9
60 73 10
55 138 5
119 87 3
87 129 8
199 13 1
4 192 10
29 192 10
84 132 7
39 139 8
13 164 4
69 197 3
81 49 3
27 3 1
47 64 1
100 180 7
72 180 4
44 86 1
170 91 6
51 158 2
31 84 5
81 137 4
21 195 2
65 4 4
197 91 9
104 80 5
76 187 4
178 88 7
147 91 2
59 151 1
177 66 7
190 159 5
72 98 6
166 161 8
54 116 5
60 39 4
179 101 7
5 19 4
187 5 5
163 63 9
91 41 4
97 61 2
176 199 2
45 68 9
71 198 7
57 7 6
197 148 2
115 198 10
19 17 2
144 140 7
14 82 6
73 10 7
100 122 9
146 69 3
18 86 9
34 89 9
118 4 1
83 33 1
70 159 3
119 141 1
59 188 8
86 165 1
92 1 3
163 130 4
65 96 2
189 16 5
78 87 4
164 14 2
48 129 6
38 166 6
7 14 1
81 68 3
28 17 5
85 120 10
168 156 8
90 54 3
174 86 5
46 185 5
161 144 8
23 132 1
133 98 4
5 65 8
66 94 2
123 65 1
197 150 5
62 170 8
138 191 1
183 16 1
102 25 1
75 92 8
194 97 7
64 156 5
89 70 3
129 188 6
81 114 1
0 9 5
69 185 8
155 72 7
44 31 1
60 81 8
126 134 4
132 184 3
20 155 4
51 26 10
21 88 6
152 154 5
115 86 1
147 58 10
102 187 4
164 111 8
162 15 6
193 137 2
37 1 8
26 185 2
147 121 8
80 41 9
169 188 3
22 10 3
71 3 2
138 65 1
41 86 7
83 26 6
190 160 3
27 107 6
172 139 10
102 140 8
82 111 10
111 47 3
84 54 1
160 29 9
176 99 9
8 170 6
74 198 3
197 152 7
40 84 9
52 139 1
146 55 1
10 143 8
161 25 5
185 97 6
15 140 8
0 65 4
71 2 2
51 165 1
135 164 9
45 125 2
193 62 7
43 72 9
86 96 7
92 138 10
83 62 1
194 62 3
128 70 8
189 87 6
167 130 10
0 4 6
146 160 8
100 14 9
124 97 10
111 43 2
161 191 1
28 83 7
37 176 4
116 95 6
19 1 1
69 108 9
68 56 3
16 148 2
19 13 1
180 150 10
11 131 7
63 164 4
56 193 2
132 14 6
105 63 8
165 129 2
81 113 8
198 125 8
162 145 4
185 182 5
123 121 7
193 190 7
156 173 5
157 41 1
65 44 10
127 123 1
180 73 2
37 111 7
69 174 3
25 151 7
88 52 4
199 150 8
79 11 7
196 32 3
10 193 4
162 9 2
105 130 1
114 112 1
157 111 3
189 106 5
62 85 8
115 31 2
125 67 3
141 143 8
195 28 2
70 115 8
166 47 10
154 147 6
147 88 6
15 74 5
35 107 3
180 38 4
64 161 1
31 189 4
12 176 1
125 94 7
165 191 6
177 171 2
151 112 10
80 56 7
108 184 1
168 104 9
100 109 2
165 3 10
149 29 6
155 135 1
197 6 6
146 134 6
190 31 4
42 185 10
68 37 1
44 120 10
23 74 6
92 114 10
16 32 3
192 100 10
151 195 10
54 43 4
192 47 1
158 174 1
77 144 2
2 160 8
30 104 2
39 170 9
91 172 6
76 62 10
150 76 2
144 45 4
175 16 4
160 78 8
96 48 10
119 51 1
83 151 9
140 77 7
167 21 5
134 55 1
45 143 6
147 5 8
3 55 9
122 64 7
190 149 2
43 60 9
192 121 10
157 79 10
12 76 4
93 107 4
177 49 6
12 156 4
131 190 9
67 172 1
61 28 1
175 106 10
50 35 3
15 47 4
172 175 2
9 58 8
188 116 10
196 193 4
68 171 10
22 5 9
64 170 1
11 186 10
62 99 6
67 90 10
19 141 5
33 73 8
138 192 4
99 82 5
125 30 4
7 5 7
85 194 3
19 171 6
26 144 1
23 15 1
113 196 6
187 181 10
149 128 10
63 113 7
69 159 3
44 178 10
139 179 6
22 44 2
89 40 4
40 157 6
140 153 5
127 149 4
109 170 1
94 74 3
19 62 1
11 153 5
22 127 9
164 171 5
161 11 8
78 105 1
156 17 10
34 74 5
3 154 2
131 58 1
36 97 10
176 91 1
14 113 10
9 128 4
26 102 1
96 169 3
152 160 6
25 132 10
82 123 5
79 101 9
117 42 4
57 110 2
193 74 9
110 177 2
160 124 4
30 95 8
32 104 2
146 129 4
62 37 1
142 6 3
168 182 9
124 57 9
159 2 6
106 193 5
197 15 4
102 185 9
76 17 9
39 94 8
73 50 5
9 18 3
151 94 1
84 62 9
191 41 1
48 143 3
144 29 4
23 28 2
69 101 10
132 71 9
64 22 1
4 110 5
169 137 5
138 155 10
57 45 6
54 4 6
195 189 4
187 175 7
137 172 8
194 155 7
152 54 4
94 51 4
69 152 10
101 186 8
148 124 4
163 185 9
97 72 1
175 104 8
112 123 8
59 90 9
88 150 3
97 35 8
2 163 2
177 106 1
1 177 5
10 96 9
7 162 10
119 198 6
41 56 3
151 190 2
148 81 6
190 137 3
87 73 2
17 56 8
109 147 6
29 60 6
90 60 4
58 56 7
5 152 10
175 197 2
55 90 3
16 182 1
169 24 2
120 190 6
65 117 1
82 138 5
196 77 3
160 38 3
7 46 9
82 39 2
23 98 8
20 81 5
27 1 7
115 84 10
85 168 7
50 199 7
178 42 5
38 108 4
177 142 8
149 100 9
199 73 2
187 6 1
21 112 9
105 86 2
36 64 1
130 36 8
114 22 6
61 199 7
58 163 10
179 186 6
191 76 8
85 199 8
189 153 8
5 189 4
69 59 4
88 193 8
83 49 10
149 61 6
28 168 7
181 16 6
44 11 3
85 16 6
134 56 2
73 181 8
92 80 1
125 52 8
103 135 4
127 180 8
62 176 1
138 61 7
34 121 7
123 96 10
95 121 1
63 90 4
112 63 7
176 79 9
66 191 5
194 43 1
182 166 5
46 177 3
34 82 10
133 67 5
110 117 1
78 85 4
29 163 1
196 112 6
62 106 10
88 67 2
132 16 7
76 107 7
165 196 4
111 191 4
100 103 1
41 198 6
149 170 4
185 6 9
132 166 10
112 188 6
103 34 6
66 151 1
130 44 3
174 89 3
56 44 9
70 72 10
7 45 5
174 142 7
141 9 7
44 66 6
67 72 7
195 132 9
73 47 5
67 112 7
74 42 6
115 190 9
169 164 9
55 23 1
2 63 7
181 199 2
163 50 3
112 24 10
11 91 8
131 122 2
154 177 3
80 51 8
0 193 1
144 57 6
196 190 8
30 126 2
85 89 3
142 29 7
163 113 10
159 55 10
165 193 7
192 109 8
92 13 5
177 183 10
10 189 1
192 153 8
152 59 5
74 135 9
84 190 4
145 193 6
184 98 5
80 42 4
73 77 9
100 9 2
38 31 6
8 88 7
82 143 5
74 189 3
14 35 8
55 197 6
133 86 6
86 187 5
22 39 8
88 19 9
51 81 6
1 118 7
169 84 6
167 10 5
14 24 8
157 150 2
150 188 7
57 47 10
66 161 3
67 36 1
178 165 7
176 134 7
177 156 1
177 175 9
102 18 10
29 123 4
99 180 1
137 181 10
111 146 9
191 36 4
96 33 9
91 144 10
116 133 9
161 23 9
175 9 1
1 64 1
107 168 1
4 12 10
24 116 3
176 50 9
42 127 9
80 146 5
68 156 5
123 40 9
27 172 2
110 164 1
160 25 10
114 21 8
47 45 10
194 179 8
90 12 2
165 180 5
47 159 1
74 69 7
112 19 5
91 113 6
170 141 7
109 19 4
96 74 7
130 157 1
68 4 6
20 194 7
112 134 5
178 23 2
89 103 9
69 121 2
21 69 7
153 139 4
149 129 10
162 11 2
16 112 1
20 42 6
33 152 5
34 198 9
194 25 6
109 130 1
136 181 8
127 159 7
165 57 7
102 38 4
123 120 2
117 75 8
109 103 6
61 76 9
108 13 9
34 146 4
174 78 4
43 1 1
197 120 7
49 197 4
11 128 2
4 101 4
92 2 4
100 12 6
31 43 9
154 17 4
198 30 7
131 36 6
124 82 1
26 48 2
15 156 10
84 183 6
42 73 8
179 158 4
58 52 7
127 146 3
99 159 1
105 137 9
134 78 6
86 15 7
85 9 6
7 170 8
162 88 7
134 33 7
48 31 3
199 195 6
43 110 5
0 72 6
9 62 5
187 92 10
156 133 4
3 95 5
127 87 4
86 39 9
33 92 10
82 152 6
29 104 5
173 136 8
50 109 3
18 27 2
18 75 9
113 108 7
184 180 9
166 12 2
105 161 4
102 37 2
35 64 3
154 78 6
191 0 7
73 135 6
49 104 1
100 176 3
55 47 8
19 138 3
174 123 7
108 171 7
117 20 10
19 3 1
114 187 3
164 87 7
44 125 4
64 187 7
28 156 10
91 175 8
162 44 10
32 87 3
73 27 2
195 48 5
17 189 2
165 104 8
64 44 6
117 23 2
88 132 5
40 170 3
161 27 2
76 35 8
144 97 4
184 80 1
139 147 9
42 13 7
98 27 1
13 179 2
26 156 7
42 128 5
151 188 5
2 77 6
35 102 10
21 102 6
30 169 7
192 125 8
46 93 6
76 177 1
179 8 6
57 159 1
160 97 1
84 178 6
171 78 5
64 76 4
46 48 9
194 186 6
40 76 5
185 19 6
141 165 4
76 160 3
137 117 8
175 186 6
116 140 1
145 86 5
194 56 3
169 198 6
66 139 10
88 121 6
124 190 4
91 165 6
191 88 10
101 17 8
1 34 6
74 183 10
169 117 4
88 161 9
155 1 7
1 123 3
160 177 3
185 112 5
105 163 10
183 33 4
114 175 5
44 110 5
141 98 2
5 33 4
172 22 7
14 144 5
151 18 5
1 9 10
189 142 2
120 114 8
127 129 6
154 64 2
73 24 8
137 179 3
2 175 5
166 153 3
185 122 8
26 199 7
81 140 9
67 186 3
112 56 1
52 81 2
151 127 3
69 30 7
90 44 6
192 85 6
183 167 6
131 40 9
101 92 4
19 160 5
1 190 10
63 177 9
89 39 10
115 195 8
140 89 2
165 140 4
158 138 10
119 153 9
157 162 10
75 83 4
171 9 8
82 90 2
19 41 2
145 121 8
196 180 8
37 98 6
92 68 6
179 105 4
158 9 8
150 68 2
118 34 2
188 89 5
73 163 1
93 76 6
99 135 5
110 69 5
6 90 8
157 132 9
64 157 7
7 87 5
108 64 5
35 108 10
105 47 4
157 146 9
128 49 8
172 74 1
102 98 6
82 148 4
175 43 5
104 114 7
9 173 6
113 134 6
145 6 4
188 178 4
12 174 5
123 163 9
196 62 8
115 68 10
24 76 4
27 20 6
199 84 5
126 152 9
35 6 5
37 171 1
25 10 9
170 186 10
77 107 7
100 80 6
20 129 8
50 55 8
106 164 9
97 190 10
173 70 9
69 167 2
160 192 4
55 66 2
18 166 2
33 138 4
0 188 7
23 193 10
80 152 8
197 107 7
85 110 2
99 185 1
184 66 1
177 180 4
114 183 4
35 185 4
37 101 1
89 78 4
178 146 2
142 150 4
193 38 5
167 174 7
127 103 7
195 86 1
48 57 5
90 137 3
69 72 6
170 41 4
139 6 1
173 103 2
56 50 10
110 50 5
176 77 8
185 138 7
61 4 10
148 73 1
71 51 1
77 138 6
58 174 6
76 130 10
115 20 1
63 10 4
166 157 1
80 14 3
124 186 6
122 81 8
121 43 8
144 118 8
13 138 3
100 191 1
94 120 3
107 52 6
2 70 1
180 197 8
79 179 6
137 164 3
4 74 6
33 9 7
172 64 2
54 132 3
102 95 7
145 154 7
2 108 3
108 88 10
187 128 10
94 9 8
164 156 2
146 189 9
78 31 10
29 2 10
11 100 7
29 7 4
132 43 2
187 145 7
49 44 5
55 148 9
191 140 6
154 23 4
166 102 10
20 180 9
197 129 4
106 129 10
32 118 6
136 123 10
66 59 1
32 174 2
59 156 6
103 77 9
80 171 1
133 187 3
67 123 6
74 40 10
75 21 4
89 28 1
72 175 3
195 120 1
105 76 6
174 57 9
79 55 8
40 149 2
163 83 2
22 194 10
148 182 3
83 71 9
107 186 7
28 52 3
81 70 8
74 161 8
105 0 9
137 85 6
91 168 10
195 133 5
39 56 7
182 194 3
43 120 9
46 70 7
20 51 5
121 160 9
134 139 6
181 157 4
169 87 6
86 120 9
43 97 4
81 198 3
175 66 10
198 148 8
109 138 1
4 79 8
20 159 5
67 11 5
7 53 3
187 122 4
65 152 3
165 61 7
3 12 9
50 179 2
27 75 8
154 63 3
140 85 7
114 189 9
80 67 7
5 70 5
127 26 3
51 67 6
101 63 10
9 164 9
114 130 6
111 195 4
121 190 10
81 54 5
185 104 2
63 190 10
78 155 2
29 177 7
145 134 8
85 102 6
124 131 3
155 195 8
171 162 10
153 156 10
116 187 9
25 104 6
191 107 4
108 183 5
140 90 4
79 61 2
126 102 9
108 94 10
156 198 2
99 85 2
120 79 2
192 183 2
41 192 5
139 186 10
22 146 2
129 12 10
15 178 6
112 163 1
162 89 8
127 186 6
49 172 4
88 97 6
15 22 3
122 72 10
3 170 10
150 166 1
176 28 3
113 3 9
49 131 7
84 1 1
26 34 10
132 180 3
33 44 9
69 131 6
180 68 1
170 4 9
124 115 10
28 47 10
198 186 6
51 34 9
42 180 8
165 42 6
117 165 8
69 7 9
18 11 1
161 119 5
50 188 5
42 54 4
31 117 6
51 152 4
142 188 3
190 103 8
187 79 1
133 1 3
174 44 4
39 62 4
69 176 7
158 45 10
153 8 2
59 84 7
168 88 6
31 162 2
162 114 1
101 99 8
105 31 2
48 4 9
168 172 1
177 103 7
29 102 3
157 176 10
98 29 9
82 115 2
199 170 5
117 170 5
63 24 4
80 53 3
70 195 2
68 1 8
185 103 8
91 27 3
11 61 7
71 104 1
15 88 8
175 103 6
95 23 7
69 93 3
161 67 7
97 78 8
93 41 8
113 98 9
48 169 3
29 32 2
141 171 7
163 79 4
141 177 9
145 119 1
90 129 2
32 21 8
127 118 9
55 147 10
53 165 8
19 33 1
145 70 10
158 124 7
51 153 5
176 6 7
135 35 10
79 90 10
190 104 1
86 71 4
33 120 4
29 170 10
155 111 8
134 140 9
65 19 5
121 92 5
125 87 3
170 142 5
141 49 6
76 65 7
80 193 3
0 151 10
153 9 6
49 130 2
195 197 6
25 22 2
105 194 9
125 93 2
13 125 3
114 69 8
75 11 6
94 64 7
9 63 10
35 74 8
0 87 10
64 149 7
199 197 4
166 180 5
157 10 7
51 88 10
17 147 4
110 101 5
143 104 2
16 100 4
139 198 3
82 66 2
70 165 8
106 162 10
163 55 10
160 151 1
182 119 10
83 58 8
119 83 8
174 67 10
116 141 2
187 13 4
98 50 9
129 104 9
46 153 10
180 29 1
29 136 6
188 7 9
176 181 6
63 23 5
174 82 5
21 47 2
167 184 1
141 136 6
37 75 5
84 161 1
174 26 7
25 49 6
176 174 4
34 194 2
172 66 3
0 75 3
35 96 5
162 45 8
184 77 6
48 194 7
15 126 3
182 156 7
173 29 10
195 39 8
78 110 3
182 74 7
29 26 3
41 82 6
101 162 7
13 167 8
20 58 9
64 38 4
97 20 6
192 18 8
107 23 8
166 111 4
127 60 4
80 156 2
195 96 1
148 13 7
187 132 3
58 108 8
117 10 1
161 128 7
22 121 9
114 74 2
108 82 2
82 79 10
46 105 10
169 16 4
139 150 3
26 151 1
170 105 10
182 57 6
32 99 6
121 58 9
146 130 3
81 164 9
3 32 1
112 171 9
173 109 4
167 30 3
157 43 2
42 88 10
32 121 8
181 82 2
78 107 8
189 132 8
168 151 10
2 138 6
70 130 2
110 197 6
188 1 3
87 20 5
22 179 2
84 133 6
1 111 8
109 29 2
78 122 5
136 27 8
61 81 5
120 133 1
184 63 2
63 27 3
152 68 6
150 90 1
51 188 8
141 196 3
120 42 2
156 128 7
182 199 6
180 43 7
81 103 7
10 98 6
141 190 2
171 66 1
156 93 4
188 9 6
147 48 3
182 189 3
105 97 1
51 90 7
20 167 7
194 189 6
177 159 1
144 113 2
137 75 3
118 176 9
73 40 5
134 36 9
136 116 10
150 5 4
185 7 10
107 182 9
24 94 10
150 59 7
86 190 5
172 136 7
33 112 2
152 61 3
16 77 5
135 63 4
140 82 8
140 107 5
8 103 5
38 27 8
186 113 9
180 31 3
172 1 4
87 44 6
162 69 1
155 40 8
84 39 4
123 71 9
193 197 4
85 34 5
91 163 3
107 50 9
41 69 1
177 116 5
172 9 1
31 103 4
13 112 7
96 167 7
66 135 8
43 134 9
177 187 9
126 65 4
124 60 9
101 36 4
162 78 9
23 50 1
32 90 3
9 199 5
122 128 6
152 76 8
81 2 5
102 179 1
188 126 2
149 164 4
23 59 8
91 30 2
75 179 4
25 131 6
7 195 10
130 99 2
25 180 7
9 185 9
139 86 6
198 177 4
157 86 9
110 93 8
107 193 7
145 67 3
120 176 3
98 185 10
184 2 2
75 81 9
8 124 3
112 195 3
37 139 5
161 16 6
53 30 2
83 168 1
150 96 6
123 93 8
179 53 10
126 176 10
67 28 7
169 92 6
138 54 2
73 92 7
122 25 4
41 151 3
108 73 5
141 75 8
133 115 4
61 157 3
186 45 5
76 2 6
98 129 6
88 152 3
77 36 4
156 51 1
140 183 2
39 186 1
153 62 9
158 95 5
80 197 4
150 74 4
89 157 1
4 183 2
28 75 3
47 66 1
129 38 6
2 191 6
44 89 10
99 187 8
14 76 1
160 60 6
95 61 8
35 106 6
194 47 7
166 1 8
44 196 3
75 151 2
20 126 2
165 95 9
193 98 7
51 146 5
76 180 7
161 174 2
193 83 4
6 121 6
120 34 4
45 21 10
175 24 6
181 26 9
164 61 9
7 33 5
186 42 9
95 179 1
136 24 1
170 151 7
91 150 4
17 92 6
88 45 3
143 31 10
186 145 1
128 167 1
24 159 2
153 77 8
162 94 2
50 54 5
130 66 8
95 108 9
174 154 6
146 142 5
132 108 1
126 55 7
146 123 1
165 103 6
166 56 10
57 166 8
12 192 8
171 94 3
174 169 3
197 190 2
184 52 1
18 50 6
49 24 10
105 151 9
110 154 7
99 183 10
58 199 7
9 115 2
45 182 8
100 24 3
91 81 8
95 191 10
181 44 9
21 155 10
143 9 4
65 36 2
84 21 9
146 135 10
5 101 7
59 35 4
120 37 5
77 189 1
182 172 9
86 57 9
109 141 1
83 9 1
133 57 9
18 46 10
187 50 3
95 59 8
150 145 3
60 12 2
152 90 10
179 132 9
59 31 8
21 35 7
5 155 6
13 85 2
167 59 7
156 91 10
40 145 8
26 184 1
89 53 7
99 63 4
34 36 10
70 55 9
117 123 5
34 158 1
61 92 9
76 91 2
49 135 2
55 94 4
71 195 9
121 19 1
46 85 2
86 129 9
16 76 1
97 91 8
52 138 5
35 142 8
162 87 6
128 159 1
17 3 7
15 191 3
169 152 1
152 148 8
192 33 1
105 129 6
198 191 9
110 13 2
158 36 6
111 54 6
144 157 7
165 109 7
0 98 1
25 142 5
129 49 2
197 192 3
17 167 9
26 32 5
20 160 1
36 171 8
73 146 8
77 27 1
87 149 2
99 111 2
39 166 9
78 0 8
60 25 1
20 175 2
95 34 7
119 48 4
73 5 6
150 16 10
104 195 7
113 65 2
19 10 5
153 182 4
194 122 4
42 66 2
170 120 2
21 59 7
58 125 9
186 29 6
30 116 9
97 154 3
147 189 6
16 135 2
168 129 10
137 158 7
8 16 4
98 30 5
97 48 9
109 112 9
27 84 7
51 68 7
72 157 9
130 92 8
9 190 4
173 6 10
12 44 4
78 84 10
195 87 10
101 28 4
67 106 6
33 126 3
152 140 4
44 144 8
181 134 2
116 119 7
24 39 5
51 17 9
80 32 9
106 11 3
12 134 10
175 138 6
85 3 10
195 54 10
163 74 10
151 187 7
144 123 3
59 20 4
70 189 7
172 116 5
135 10 2
4 15 9
97 130 5
175 81 2
117 111 9
49 6 2
123 53 2
114 172 3
8 144 7
60 191 5
67 44 4
56 180 6
91 54 1
125 53 9
7 120 4
118 62 8
29 52 3
69 188 3
23 176 9
96 91 5
11 105 10
187 97 3
136 126 6
91 119 6
198 49 4
146 18 2
174 197 4
154 37 8
186 59 5
62 22 6
192 39 5
182 78 2
28 63 2
173 72 9
140 58 2
150 167 5
104 73 6
132 137 4
123 155 10
56 14 5
132 194 8
118 153 8
122 48 8
131 150 1
79 6 8
172 190 10
59 189 6
29 57 6
184 175 7
52 59 10
184 111 4
65 54 2
15 82 7
120 157 8
136 63 4
197 4 9
45 9 4
161 95 8
142 91 7
63 155 8
188 52 2
178 181 7
31 69 4
94 27 2
175 51 3
154 18 6
58 37 4
67 33 1
135 156 9
43 117 3
91 16 8
44 104 1
126 118 6
142 42 1
38 196 2
149 6 9
61 1 5
199 196 9
147 104 7
188 99 2
50 184 7
48 186 1
91 128 7
185 127 4
128 22 2
152 72 4
22 59 5
151 198 2
161 138 3
47 60 1
49 117 6
49 80 7
59 39 2
46 17 3
55 32 3
192 167 7
151 4 2
124 195 3
159 16 2
66 183 4
115 24 6
74 13 7
87 6 7
64 126 2
23 19 8
174 153 3
1 184 5
36 175 4
145 42 10
122 132 4
113 175 4
170 136 9
175 108 4
57 11 2
106 163 4
49 52 7
114 127 3
144 23 1
53 44 4
172 157 5
71 26 8
61 52 1
180 35 10
3 69 7
95 131 6
14 103 3
172 126 1
49 105 5
150 99 3
41 112 9
27 176 8
155 192 7
45 197 8
131 153 4
2 119 6
60 99 6
165 188 9
101 181 5
123 55 3
93 103 1
15 185 6
33 178 8
153 56 6
73 99 4
160 21 5
64 142 7
77 160 8
129 173 5
19 90 2
183 137 6
146 136 5
71 24 2
69 40 10
122 179 7
9 36 3
103 48 1
126 177 6
41 90 4
43 125 1
106 139 3
139 8 8
87 134 9
101 116 6
165 127 1
44 18 1
195 99 4
100 106 5
40 80 6
47 181 5
98 128 4
108 60 1
187 113 8
180 4 4
198 196 10
165 17 2
55 119 6
152 170 5
131 42 7
122 172 1
131 89 9
132 87 8
31 110 5
44 103 2
163 10 6
69 133 6
86 109 2
49 156 8
118 152 9
39 144 6
142 21 9
24 68 5
9 95 9
56 9 6
107 167 9
74 169 10
46 41 1
185 65 5
141 62 1
122 44 4
180 51 4
104 11 3
88 70 2
24 15 3
196 114 5
84 119 8
127 197 6
2 123 1
145 159 8
76 49 4
64 91 4
59 51 6
62 72 1
64 32 6
177 161 5
136 159 6
178 97 4
167 65 2
107 112 1
141 92 2
62 163 2
3 114 8
157 42 1
80 74 9
74 88 3
192 103 10
186 188 3
124 184 7
115 100 10
183 57 4
41 120 2
114 94 3
184 4 8
134 122 4
33 95 9
99 172 8
179 142 5
147 122 7
24 118 9
53 151 4
155 183 10
130 28 7
184 101 9
101 132 2
157 152 5
109 45 6
146 182 10
160 81 3
72 53 10
198 102 3
159 37 7
87 147 2
18 137 4
84 58 4
140 172 2
46 35 9
95 11 5
5 100 8
119 150 8
89 164 4
57 120 6
74 28 1
157 182 6
161 171 1
129 43 3
143 53 9
47 136 3
180 55 7
13 152 9
103 111 6
47 128 6
58 54 3
0 85 5
107 198 1
25 136 8
4 17 5
110 61 9
159 198 10
122 45 3
198 167 5
88 115 7
165 177 8
83 97 3
62 16 6
166 69 10
70 138 8
16 97 7
80 147 2
146 26 7
181 61 8
168 121 2
61 93 3
151 133 3
156 152 4
155 18 8
91 15 7
164 28 6
131 60 7
12 159 5
175 133 8
46 56 8
153 101 2
94 190 10
183 15 2
65 8 4
120 134 8
55 52 2
146 97 5
135 122 5
120 168 9
145 127 3
68 84 9
46 12 4
193 195 9
150 36 3
68 118 9
0 63 10
40 53 6
51 84 8
66 102 7
72 10 6
20 60 1
180 52 8
174 132 2
7 152 8
37 104 7
83 72 4
164 182 3
100 67 1
16 34 7
139 16 10
123 147 1
170 79 4
18 14 2
196 100 7
134 0 2
149 117 7
66 70 9
107 88 1
103 118 2
48 136 2
118 84 6
50 159 2
37 156 7
17 193 6
65 29 4
104 112 6
84 182 5
54 66 5
109 148 10
87 4 2
178 100 4
134 186 10
21 130 10
31 112 5
158 30 7
15 67 10
38 67 4
91 153 8
12 177 3
63 142 10
79 183 1
30 48 9
63 103 5
148 100 1
140 136 8
159 182 1
120 167 4
161 2 8
185 81 8
115 54 10
72 127 2
181 114 5
196 34 6
86 106 6
95 101 4
35 103 9
105 155 7
42 135 9
73 94 5
152 60 5
140 26 3
142 99 1
20 45 1
26 137 5
174 88 8
117 82 9
139 9 7
21 154 6
119 41 10
114 147 4
76 136 8
107 181 2
3 63 3
197 86 8
88 6 1
146 151 1
28 56 1
5 68 1
182 112 8
7 157 5
187 45 6
121 48 10
39 79 6
181 21 6
102 60 1
156 8 3
52 140 7
156 1 8
88 198 2
45 183 7
50 142 1
49 40 4
3 116 10
13 51 8
155 127 3
152 123 2
133 130 2
111 83 10
37 133 5
70 40 7
101 192 2
132 8 10
46 125 2
95 160 3
196 164 3
39 27 8
74 57 4
16 163 1
2 107 8
90 194 6
35 197 1
104 199 2
52 137 10
145 79 5
13 44 1
154 13 2
144 108 7
20 15 8
43 12 8
178 139 7
182 79 5
95 66 1
31 54 2
138 22 2
97 95 9
161 94 3
67 24 1
195 159 1
165 185 9
48 184 9
35 87 1
0 182 4
63 115 2
31 198 10
92 64 1
138 97 2
125 25 3
70 68 2
177 112 6
138 58 10
115 53 7
131 75 2
67 185 7
107 131 10
1 67 4
196 66 9
71 7 3
128 145 1
40 134 3
121 51 4
98 79 10
66 91 10
92 46 9
48 193 5
110 178 8
69 51 5
87 43 4
181 165 10
10 62 8
111 124 6
78 145 3
42 124 7
82 85 4
0 23 1
141 156 7
4 73 10
4 165 8
131 102 8
194 9 10
181 175 3
108 57 3
6 17 7
29 162 6
101 50 2
130 35 3
37 16 6
147 138 8
79 180 5
145 173 1
84 24 6
49 5 5
35 89 7
11 60 7
88 68 1
72 189 1
64 195 6
130 17 10
18 80 10
20 104 4
157 137 1
9 117 1
163 141 5
199 86 10
69 92 1
75 145 2
169 47 2
192 44 8
41 148 5
150 15 4
119 103 10
42 50 10
157 129 5
140 71 8
44 134 9
60 120 7
149 57 2
125 173 4
31 41 8
111 41 4
40 92 3
31 136 3
44 95 6
81 146 10
135 51 2
136 161 2
145 198 1
160 199 3
159 0 1
9 31 3
184 83 10
113 87 8
93 8 6
86 191 1
129 2 9
37 73 10
61 184 4
127 190 8
7 74 8
88 179 8
6 42 9
65 31 6
86 100 9
48 196 6
137 22 4
179 62 7
113 80 1
137 176 9
25 81 6
173 111 8
146 101 7
67 75 6
90 96 4
118 40 9
20 153 9
189 41 9
67 118 2
48 153 9
173 188 10
50 41 1
95 117 1
118 33 6
155 44 3
43 137 1
91 169 8
163 155 10
176 171 1
46 30 6
174 85 2
137 178 7
50 135 4
102 10 10
26 138 5
51 182 2
174 20 7
8 54 2
169 34 8
120 184 4
146 68 3
108 52 6
12 179 3
137 134 5
177 174 6
128 140 4
191 28 4
187 60 1
178 153 9
44 135 5
111 75 1
123 39 9
151 107 7
159 178 1
12 189 2
1 198 2
130 34 8
34 75 3
86 152 7
16 185 2
167 159 1
131 45 2
86 111 3
119 171 3
104 189 4
144 12 8
181 20 6
163 68 2
11 165 7
103 198 4
58 149 1
93 187 10
67 120 6
154 66 2
33 29 9
80 196 8
143 89 2
108 56 9
157 57 10
1 36 3
153 193 1
76 41 2
105 101 10
30 153 2
166 83 4
35 163 2
46 142 4
110 41 4
98 164 9
43 165 8
123 70 7
125 155 5
70 12 2
124 183 5
164 99 7
120 192 10
121 133 1
57 20 4
124 58 6
90 100 4
20 88 7
24 50 4
46 116 8
192 77 9
156 129 9
151 115 10
129 10 3
104 7 7
15 77 9
103 163 4
9 186 2
72 60 6
71 37 8
192 108 4
193 191 5
170 28 3
149 41 5
137 56 2
151 129 10
118 47 8
39 118 9
114 129 8
34 41 6
15 180 8
110 140 1
152 52 10
59 38 10
108 11 4
149 43 3
81 87 5
128 81 3
59 57 1
122 117 5
97 30 2
43 19 7
47 129 1
7 38 2
27 105 3
175 25 6
76 80 9
45 56 2
168 12 9
103 41 8
128 193 9
90 102 4
10 187 2
136 88 3
131 50 4
25 1 3
56 127 1
189 183 1
161 54 9
64 130 6
166 175 8
148 177 7
172 163 10
163 26 8
41 197 9
114 36 7
10 94 9
24 176 4
72 76 1
172 156 8
73 95 6
163 102 1
128 162 10
188 57 2
73 143 9
36 167 4
93 154 7
87 182 5
71 108 4
139 0 2
12 114 3
150 116 3
0 132 3
128 142 2
30 15 2
45 0 5
45 58 8
41 45 3
92 164 7
38 75 1
180 75 3
63 131 8
117 133 7
146 91 8
64 119 9
142 84 2
123 16 9
102 12 3
64 0 10
116 7 8
99 95 1
121 53 7
53 63 4
188 5 6
135 189 10
150 75 2
140 197 6
198 4 9
105 184 3
10 58 8
169 108 6
98 9 4
98 131 7
49 110 9
59 74 9
131 169 9
71 176 7
186 38 3
195 38 5
191 112 7
40 47 10
69 132 5
135 47 6
102 70 4
128 1 8
89 15 10
109 23 1
125 76 9
15 29 7
143 2 2
193 85 9
40 57 9
142 109 9
102 16 5
190 169 5
84 114 6
172 33 6
168 4 1
91 4 4
58 62 7
184 40 1
14 64 9
126 183 8
191 163 10
190 174 10
14 166 6
156 109 7
80 8 6
180 0 3
2 30 1
107 16 10
140 69 9
67 101 7
150 103 7
112 125 4
124 172 2
98 122 2
190 113 9
166 108 6
155 122 6
93 185 6
43 151 5
46 29 10
157 3 5
77 55 9
102 99 4
139 46 5
29 54 3
171 139 8
5 58 3
99 92 3
88 31 7
87 85 1
120 74 8
95 186 3
167 54 9
155 142 3
141 53 10
108 74 1
5 103 2
19 186 4
18 130 6
135 40 8
185 175 4
64 82 7
130 82 8
41 141 8
80 50 3
2 41 2
36 60 10
103 39 10
184 122 7
183 153 3
197 165 7
76 167 6
66 145 6
25 181 7
149 142 2
48 77 8
124 120 5
163 43 2
60 82 8
135 93 10
107 70 3
17 10 5
72 5 4
134 31 2
6 102 7
50 114 5
161 58 3
81 78 6
96 22 7
27 25 9
31 186 1
119 54 3
36 149 8
96 76 2
106 66 8
117 48 8
191 85 7
109 70 8
51 159 6
152 111 1
37 79 1
96 3 1
115 188 7
5 129 4
139 68 4
124 31 9
134 197 1
126 3 2
117 84 3
32 2 2
31 159 4
54 18 2
30 96 5
167 170 5
56 91 10
186 58 10
161 108 3
171 40 5
155 113 1
129 72 3
0 169 3
20 17 10
12 81 3
90 101 9
170 56 6
50 127 5
100 107 8
120 141 1
73 127 4
160 169 9
37 113 1
171 17 7
167 45 8
110 26 5
14 95 8
186 66 6
82 188 5
88 195 6
61 18 6
129 137 9
178 52 3
127 58 1
5 92 10
86 167 7
11 29 9
75 164 10
102 43 10
25 135 10
95 56 4
107 13 4
14 127 4
46 0 2
147 125 10
186 76 7
61 183 2
4 147 6
162 27 9
18 58 1
42 156 2
155 158 8
182 70 7
196 17 4
148 31 5
84 18 4
55 74 2
179 172 5
119 67 7
52 100 3
73 193 9
143 50 6
198 50 5
22 150 3
63 119 7
123 190 4
19 12 2
155 33 4
158 74 8
56 132 5
102 109 6
169 7 4
85 30 10
124 15 8
22 113 6
132 143 4
28 122 5
74 20 8
39 189 3
144 132 9
99 147 10
132 31 3
145 63 6
105 24 1
97 70 9
9 138 9
183 144 6
143 175 1
175 30 4
199 67 9
1 53 9
37 181 8
174 2 8
190 195 2
4 177 2
125 72 7
37 110 1
124 193 9
115 119 3
189 105 1
2 98 1
80 124 10
43 58 8
10 123 4
79 190 1
119 184 10
34 32 8
29 161 4
77 131 10
115 51 1
82 154 3
73 70 4
165 16 4
120 96 5
142 2 10
17 31 3
54 154 4
46 103 6
50 167 2
103 84 7
187 70 9
20 101 8
161 118 9
159 187 4
155 162 8
191 173 5
44 140 5
143 150 9
30 137 3
25 129 3
122 96 5
42 79 6
187 26 7
181 66 3
166 78 4
38 48 3
115 175 7
21 150 2
87 97 6
31 58 2
194 52 2
191 135 8
92 145 5
62 27 1
140 132 9
185 23 3
63 160 3
28 91 7
51 1 6
139 54 1
111 127 2
184 37 7
143 52 3
35 159 3
32 105 8
95 52 8
44 76 3
22 166 3
36 44 7
46 165 3
107 109 10
193 127 10
69 137 3
125 158 5
104 95 5
117 157 5
0 140 3
118 120 1
170 134 5
66 169 7
168 39 8
137 58 5
3 68 4
10 68 10
140 150 3
111 44 2
160 86 8
104 130 9
137 35 7
188 146 1
89 38 3
7 60 7
122 171 8
147 93 7
83 61 7
22 14 8
110 112 3
147 33 3
78 159 8
13 32 5
43 124 8
23 143 1
181 5 9
77 198 6
82 18 9
85 4 9
194 124 6
165 137 1
62 52 9
189 38 6
103 19 3
46 91 4
145 160 7
173 123 2
25 16 3
33 30 5
106 53 10
39 149 1
190 96 1
158 107 7
97 186 1
103 148 6
54 61 5
75 52 6
139 110 10
111 161 8
198 0 7
21 199 1
119 136 10
38 167 2
188 25 3
126 121 7
110 100 2
56 22 1
196 53 7
74 105 7
21 67 3
32 169 4
96 7 1
156 5 9
37 178 6
173 18 1
117 195 8
178 175 3
79 25 6
8 67 8
191 150 2
193 58 5
92 9 6
69 170 1
180 164 3
57 14 4
176 183 6
127 124 3
16 114 8
51 48 4
101 156 7
178 71 3
104 9 2
120 59 2
51 5 7
26 164 3
8 14 7
68 89 9
191 48 2
181 60 7
25 185 5
155 60 3
123 6 2
101 147 1
129 144 5
65 153 3
76 39 3
147 180 5
104 3 2
184 0 1
173 79 6
148 132 3
132 6 7
36 59 7
44 183 6
199 113 9
17 166 8
45 70 5
88 134 10
128 121 5
68 48 1
140 180 5
108 104 8
58 60 3
80 30 8
88 124 5
3 44 6
155 119 6
103 120 8
72 178 1
179 31 9
58 148 4
115 75 9
21 70 1
32 106 4
22 124 8
58 103 1
72 135 4
9 29 2
79 83 3
50 185 9
141 169 8
12 106 8
164 174 6
163 109 4
45 105 10
42 192 2
84 153 9
71 25 2
12 82 3
25 75 5
68 15 1
142 121 6
90 142 7
128 118 3
165 105 4
139 41 3
123 100 1
135 128 3
193 25 7
44 190 5
97 18 4
85 66 1
185 166 6
153 75 3
142 59 3
34 134 4
7 130 9
57 12 1
60 22 5
54 76 4
37 119 10
151 14 7
193 169 5
152 194 2
194 180 8
183 36 9
68 97 8
43 37 1
78 111 6
60 15 4
120 129 2
137 65 9
86 70 5
136 197 1
128 51 2
99 154 8
98 17 1
106 120 1
116 166 5
19 198 9
67 97 5
112 102 1
109 122 10
31 80 1
196 40 10
66 40 2
22 89 2
27 199 8
123 178 10
28 186 2
195 182 8
118 194 8
39 113 6
70 153 6
147 157 5
69 53 10
143 130 8
148 107 10
175 146 1
47 172 5
80 11 4
173 76 1
154 150 2
114 40 8
85 111 7
140 80 7
47 107 8
101 35 4
183 54 9
96 184 6
134 198 4
18 186 9
108 126 10
144 125 3
168 8 1
123 187 9
68 8 10
90 7 3
56 192 8
92 172 7
1 104 1
39 11 5
65 3 10
53 150 10
54 179 8
140 54 6
71 28 6
194 160 10
7 82 5
3 103 5
172 35 10
107 175 5
119 49 3
103 72 9
130 55 10
186 155 5
33 132 10
43 53 4
64 136 5
25 170 6
128 41 6
108 138 8
125 47 4
172 145 9
39 178 9
98 44 5
122 76 10
176 143 4
27 194 6
23 54 8
77 9 4
191 26 10
100 28 4
114 103 3
60 164 5
155 54 7
114 156 1
18 179 5
105 115 9
46 97 9
155 51 5
56 122 1
110 97 3
109 11 9
149 178 8
39 128 6
69 138 9
22 43 3
0 7 4
144 114 5
84 170 3
170 71 1
147 116 4
72 124 2
24 19 10
129 115 8
54 70 7
28 149 7
50 40 8
85 130 3
153 57 6
1 151 2
89 100 7
163 150 7
62 51 3
112 32 8
109 127 7
21 89 10
175 37 4
82 122 6
127 181 7
39 25 7
114 124 1
173 170 7
137 41 9
102 134 5
111 158 3
145 85 3
5 56 1
92 161 7
77 130 2
191 43 4
30 163 3
32 61 6
151 186 3
145 19 3
57 175 3
25 67 4
166 48 6
60 32 7
143 47 8
14 190 9
33 185 6
88 192 7
50 17 6
67 94 4
54 12 4
157 106 5
191 120 2
76 101 6
50 16 8
3 22 10
150 170 4
3 127 8
28 8 6
21 132 3
108 19 5
123 69 9
13 182 2
186 161 2
93 144 4
36 10 10
22 1 1
178 21 7
81 9 7
0 99 6
79 178 4
137 163 2
176 40 3
123 61 5
7 9 10
124 151 4
106 143 7
33 108 7
137 3 6
57 140 7
177 22 1
12 48 5
70 186 1
83 4 2
193 90 8
48 19 3
86 9 9
91 79 5
183 164 1
47 92 1
147 162 6
65 160 5
169 80 2
12 10 8
13 9 4
119 3 7
152 35 7
181 188 9
54 166 7
45 4 4
39 85 6
169 172 7
90 182 2
7 58 3
120 76 2
0 92 8
133 8 8
19 77 3
27 37 10
124 30 2
66 81 5
176 185 7
139 91 5
36 128 8
199 19 7
147 192 2
64 146 10
43 155 6
108 45 1
120 138 8
70 41 9
37 15 10
192 105 7
21 51 10
181 130 4
171 120 3
59 72 2
97 108 10
175 45 6
68 49 5
64 10 6
135 161 4
54 19 9
129 78 5
32 177 6
25 165 7
28 146 6
85 126 9
11 115 3
29 4 10
146 198 1
174 156 3
38 151 9
105 174 3
70 93 9
139 197 2
161 147 10
101 41 10
141 68 6
42 199 9
154 187 1
37 50 9
112 157 3
195 168 9
141 100 10
74 177 1
118 175 2
11 22 3
137 27 9
75 104 1
